6.14374e-17  2  0  
4.64084e-14  2  293  
4.65422e-14  2  188  
4.72636e-14  2  183  
4.75955e-14  2  189  
4.79878e-14  2  185  
4.85042e-14  2  185  
4.88756e-14  2  285  
4.95646e-14  2  338  
4.97853e-14  2  342  
5.02908e-14  2  334  
5.0947e-14  2  313  
5.12707e-14  2  189  
5.17442e-14  2  186  
5.21588e-14  2  176  
5.28324e-14  2  179  
5.33061e-14  2  178  
5.35073e-14  2  181  
5.43088e-14  2  178  
5.47898e-14  2  697  
5.52987e-14  2  764  
5.568e-14  2  864  
5.61857e-14  2  750  
5.6817e-14  2  759  
5.74032e-14  2  995  
5.77976e-14  2  1490  
5.84852e-14  2  1273  
5.89241e-14  2  821  
5.95898e-14  2  748  
5.98494e-14  2  779  
6.04452e-14  2  942  
6.12677e-14  2  1239  
6.17201e-14  2  799  
6.23863e-14  2  695  
6.28825e-14  2  664  
6.32119e-14  2  701  
6.41114e-14  2  656  
6.44728e-14  2  743  
6.49621e-14  2  651  
6.57185e-14  2  547  
6.64276e-14  2  559  
6.70895e-14  2  528  
6.76033e-14  2  534  
6.8283e-14  2  551  
6.89005e-14  2  526  
6.94684e-14  2  524  
7.01486e-14  2  508  
7.09172e-14  2  443  
7.14739e-14  2  442  
7.21185e-14  2  429  
7.28511e-14  2  466  
7.36563e-14  2  448  
7.40625e-14  2  426  
7.48795e-14  2  427  
7.53619e-14  2  988  
7.62553e-14  2  1394  
7.69251e-14  2  1405  
7.77191e-14  2  1322  
7.82403e-14  2  1451  
7.90099e-14  2  1316  
7.99501e-14  2  1347  
8.04839e-14  2  1321  
8.1415e-14  2  1267  
8.21359e-14  2  850  
8.26465e-14  2  825  
8.35263e-14  2  890  
8.42854e-14  2  828  
8.50807e-14  2  693  
8.58155e-14  2  681  
8.68339e-14  2  639  
8.76423e-14  2  618  
8.81644e-14  2  638  
8.9097e-14  2  643  
8.98911e-14  2  647  
9.07726e-14  2  662  
9.16077e-14  2  644  
9.25411e-14  2  530  
9.32525e-14  2  493  
9.41732e-14  2  493  
9.512e-14  2  511  
9.62368e-14  2  523  
9.6877e-14  2  496  
9.78827e-14  2  517  
9.88378e-14  2  506  
9.96218e-14  2  514  
1.00414e-13  2  535  
1.01571e-13  2  520  
1.02643e-13  2  519  
1.0331e-13  2  525  
1.04228e-13  2  509  
1.05317e-13  2  1055  
1.06387e-13  2  1334  
1.07295e-13  2  1321  
1.08298e-13  2  1305  
1.09288e-13  2  1263  
1.10596e-13  2  1254  
1.11365e-13  2  1315  
1.12619e-13  2  1258  
1.13499e-13  2  1210  
1.14765e-13  2  1142  
1.15701e-13  2  818  
1.1694e-13  2  838  
1.1789e-13  2  764  
1.19185e-13  2  634  
1.20095e-13  2  614  
1.21369e-13  2  604  
1.22622e-13  2  604  
1.23782e-13  2  612  
1.24638e-13  2  633  
1.26e-13  2  622  
1.27138e-13  2  605  
1.28527e-13  2  617  
1.29659e-13  2  600  
1.30982e-13  2  611  
1.32111e-13  2  635  
1.33353e-13  2  541  
1.34598e-13  2  413  
1.35983e-13  2  321  
1.37254e-13  2  425  
1.38444e-13  2  529  
1.39942e-13  2  516  
1.41038e-13  2  337  
1.42449e-13  2  304  
1.44012e-13  2  331  
1.45343e-13  2  336  
1.4687e-13  2  300  
1.48259e-13  2  317  
1.49453e-13  2  329  
1.51156e-13  2  315  
1.52227e-13  2  313  
1.53851e-13  2  314  
1.55436e-13  2  311  
1.56893e-13  2  300  
1.58519e-13  2  316  
1.60194e-13  2  328  
1.61602e-13  2  380  
1.63173e-13  2  311  
1.648e-13  2  276  
1.66364e-13  2  258  
1.68085e-13  2  249  
1.69728e-13  2  699  
1.71497e-13  2  786  
1.72786e-13  2  822  
1.74541e-13  2  792  
1.76462e-13  2  1304  
1.78137e-13  2  811  
1.79737e-13  2  915  
1.81768e-13  2  940  
1.83691e-13  2  858  
1.85431e-13  2  1288  
1.87046e-13  2  801  
1.89032e-13  2  851  
1.91034e-13  2  662  
1.92729e-13  2  882  
1.94639e-13  2  1846  
1.96841e-13  2  903  
1.98769e-13  2  717  
2.00789e-13  2  558  
2.02638e-13  2  379  
2.04704e-13  2  379  
2.06771e-13  2  505  
2.09084e-13  2  649  
2.10936e-13  2  698  
2.13099e-13  2  704  
2.15416e-13  2  678  
2.17525e-13  2  674  
2.1957e-13  2  666  
2.22023e-13  2  661  
2.24311e-13  2  625  
2.26461e-13  2  531  
2.28808e-13  2  575  
2.3122e-13  2  570  
2.33623e-13  2  556  
2.36062e-13  2  575  
2.38417e-13  2  567  
2.40889e-13  2  560  
2.43336e-13  2  532  
2.46003e-13  2  538  
2.485e-13  2  541  
2.50924e-13  2  525  
2.53593e-13  2  570  
2.56386e-13  2  542  
2.58755e-13  2  499  
2.61596e-13  2  1243  
2.6449e-13  2  1461  
2.67186e-13  2  1346  
2.70275e-13  2  1390  
2.73022e-13  2  1258  
2.75924e-13  2  1382  
2.7886e-13  2  1022  
2.81497e-13  2  821  
2.84518e-13  2  862  
2.87789e-13  2  525  
2.90639e-13  2  511  
2.93789e-13  2  533  
2.97069e-13  2  527  
3.0027e-13  2  515  
3.03329e-13  2  579  
3.06531e-13  2  569  
3.10217e-13  2  537  
3.13542e-13  2  498  
3.16793e-13  2  452  
3.20202e-13  2  536  
3.23541e-13  2  392  
3.2697e-13  2  395  
3.30452e-13  2  378  
3.34263e-13  2  381  
3.38006e-13  2  422  
3.41592e-13  2  389  
3.4551e-13  2  435  
3.4929e-13  2  409  
3.53243e-13  2  405  
3.5718e-13  2  374  
3.61135e-13  2  409  
3.65075e-13  2  392  
3.69205e-13  2  457  
3.73232e-13  2  504  
3.77639e-13  2  690  
3.81672e-13  2  461  
3.86204e-13  2  372  
3.90446e-13  2  309  
3.94941e-13  2  302  
3.99483e-13  2  313  
4.03708e-13  2  306  
4.08524e-13  2  304  
2.25167e-16  3  347  
1.60402e-16  3  466  
1.60468e-16  3  717  
1.60497e-16  3  825  
2.01299e-16  3  804  
1.79648e-16  3  855  
9.75105e-17  3  607  
1.39846e-16  3  607  
2.01856e-16  3  814  
1.60406e-16  3  680  
1.61659e-16  3  685  
1.40011e-16  3  471  
1.79715e-16  3  610  
2.50559e-16  3  573  
1.61599e-16  3  403  
2.72714e-16  3  395  
1.14134e-16  3  398  
2.72711e-16  3  584  
1.38562e-16  3  647  
1.58452e-16  3  574  
2.73239e-16  3  623  
1.13157e-16  3  531  
1.68672e-16  3  571  
1.26119e-16  3  527  
1.5923e-16  3  1342  
1.58615e-16  3  1766  
2.73304e-16  3  1270  
2.36536e-16  3  1191  
1.49594e-16  3  685  
1.12954e-16  3  638  
1.12914e-16  3  659  
1.58348e-16  3  578  
1.71073e-16  3  566  
1.30232e-16  3  615  
1.77628e-16  3  587  
1.29714e-16  3  567  
3.01307e-16  3  536  
2.50974e-16  3  462  
1.7053e-16  3  467  
3.72935e-16  3  451  
1.24783e-16  3  461  
2.03973e-17  3  496  
2.29784e-16  3  733  
2.01181e-16  3  599  
1.58337e-16  3  516  
2.01165e-16  3  507  
1.67754e-16  3  459  
2.02543e-17  3  504  
2.49082e-16  3  474  
2.49079e-16  3  3290  
5.90578e-17  3  385  
2.49074e-16  3  493  
1.12841e-16  3  460  
1.70921e-16  3  567  
1.12839e-16  3  978  
1.25774e-16  3  377  
8.10733e-17  3  381  
5.90976e-17  3  376  
5.9102e-17  3  398  
1.58317e-16  3  374  
1.12861e-16  3  381  
1.70815e-16  3  377  
2.99621e-16  3  402  
2.74816e-16  3  381  
2.49034e-16  3  375  
1.30259e-16  3  393  
1.39442e-16  3  320  
5.89244e-17  3  452  
1.12752e-16  3  442  
1.96399e-16  3  617  
8.45319e-17  3  325  
1.58247e-16  3  2524  
1.58237e-16  3  1443  
1.50566e-16  3  812  
1.39902e-16  3  861  
2.36472e-16  3  597  
2.17504e-16  3  662  
2.61249e-16  3  591  
8.52096e-17  3  617  
1.70628e-16  3  609  
1.25769e-16  3  612  
2.95813e-16  3  643  
1.7673e-16  3  632  
5.91797e-17  3  767  
5.91718e-17  3  584  
1.29589e-16  3  596  
3.06351e-16  3  672  
2.17886e-16  3  536  
5.91125e-17  3  535  
8.10706e-17  3  488  
1.25774e-16  3  459  
1.50823e-16  3  467  
1.50837e-16  3  461  
1.30449e-16  3  490  
2.78222e-16  3  444  
5.61548e-17  3  436  
2.363e-16  3  426  
1.25642e-16  3  447  
8.08852e-17  3  566  
8.09125e-17  3  682  
2.01101e-16  3  481  
5.88646e-17  3  482  
1.02558e-16  3  584  
1.71038e-16  3  464  
1.30103e-16  3  376  
1.30049e-16  3  373  
1.25635e-16  3  360  
5.87923e-17  3  364  
5.8783e-17  3  355  
2.29688e-16  3  353  
2.00643e-16  3  354  
1.76611e-16  3  416  
1.93587e-17  3  588  
1.94073e-17  3  1096  
2.90705e-16  3  1213  
1.7923e-16  3  1349  
1.40711e-16  3  1135  
1.79229e-16  3  1141  
1.58497e-16  3  1202  
2.2224e-16  3  1917  
1.58478e-16  3  1423  
2.71548e-16  3  1468  
1.13061e-16  3  810  
2.23054e-16  3  586  
2.23059e-16  3  603  
2.45622e-16  3  622  
1.42407e-16  3  582  
1.42392e-16  3  678  
1.58408e-16  3  573  
1.13003e-16  3  579  
1.1299e-16  3  588  
1.42528e-16  3  593  
1.80655e-16  3  565  
1.95646e-16  3  591  
1.9565e-16  3  600  
1.61108e-16  3  628  
1.29232e-16  3  585  
2.19273e-16  3  573  
1.80724e-16  3  654  
1.61288e-16  3  699  
1.42578e-16  3  614  
8.95728e-17  3  651  
1.61276e-16  3  589  
1.17079e-16  3  724  
1.42671e-16  3  626  
2.19304e-16  3  579  
1.17163e-16  3  562  
2.91675e-16  3  569  
2.91702e-16  3  561  
1.61537e-16  3  596  
1.17275e-16  3  565  
1.89192e-16  3  574  
1.42739e-16  3  565  
1.58407e-16  3  558  
2.23029e-16  3  564  
1.6777e-16  3  567  
1.95475e-16  3  565  
5.93384e-17  3  563  
1.58407e-16  3  579  
1.70231e-16  3  577  
1.6093e-16  3  568  
1.70256e-16  3  637  
1.60935e-16  3  586  
1.81624e-16  3  685  
1.06824e-16  3  623  
9.14119e-17  3  597  
1.20526e-16  3  649  
3.23726e-16  3  586  
5.57541e-17  3  631  
1.66613e-16  3  584  
5.57459e-17  3  583  
2.03952e-17  3  722  
5.57606e-17  3  641  
1.24233e-16  3  608  
5.57487e-17  3  578  
5.57608e-17  3  563  
1.57099e-16  3  722  
2.10859e-17  3  582  
5.57737e-17  3  573  
5.57697e-17  3  592  
1.1115e-16  3  577  
2.22107e-16  3  600  
5.57566e-17  3  600  
2.23066e-16  3  598  
1.6934e-16  3  564  
6.52512e-17  3  761  
1.70028e-16  3  380  
2.2772e-16  3  253  
6.51518e-17  3  1184  
1.93791e-16  3  1270  
1.16117e-16  3  1334  
6.51386e-17  3  1176  
5.0722e-17  3  1249  
6.51155e-17  3  1260  
2.01619e-16  3  1286  
6.50971e-17  3  1173  
1.69978e-16  3  1237  
1.22098e-16  3  1171  
8.54956e-17  3  859  
1.94027e-16  3  753  
2.02986e-16  3  709  
1.28638e-16  3  708  
9.36177e-17  3  754  
6.4977e-17  3  810  
1.94089e-16  3  820  
3.377e-17  3  726  
2.02968e-16  3  521  
9.37307e-17  3  537  
1.16004e-16  3  552  
2.01928e-16  3  589  
6.48752e-17  3  580  
6.48857e-17  3  574  
1.34334e-16  3  604  
6.48226e-17  3  636  
1.68782e-16  3  556  
3.34295e-17  3  622  
6.47593e-17  3  769  
1.74322e-16  3  685  
1.15927e-16  3  588  
1.96007e-16  3  453  
3.12997e-17  3  438  
2.96164e-16  3  439  
1.82461e-16  3  472  
1.1538e-16  3  433  
9.30283e-17  3  440  
1.60107e-16  3  418  
1.9593e-16  3  435  
1.73907e-16  3  426  
3.13276e-17  3  438  
1.33863e-16  3  311  
3.1236e-17  3  249  
2.2532e-16  3  1113  
9.31927e-17  3  1134  
1.1532e-16  3  1092  
1.94924e-16  3  1103  
1.60356e-16  3  1049  
3.25715e-17  3  1326  
7.59599e-17  3  1178  
1.28324e-16  3  1065  
1.60218e-16  3  1060  
2.50385e-16  3  1173  
1.1569e-16  3  1117  
7.61308e-17  3  694  
1.2829e-16  3  862  
2.95551e-16  3  884  
1.15671e-16  3  826  
2.79439e-16  3  788  
1.34678e-16  3  751  
3.22871e-17  3  742  
2.74008e-16  3  750  
3.22348e-17  3  758  
2.37893e-16  3  515  
6.41615e-17  3  516  
1.60647e-16  3  611  
1.34763e-16  3  575  
1.15556e-16  3  623  
1.22807e-16  3  587  
8.47518e-17  3  627  
1.2281e-16  3  549  
1.15497e-16  3  541  
6.4027e-17  3  532  
1.60218e-16  3  542  
3.18438e-17  3  544  
1.22882e-16  3  537  
1.60168e-16  3  543  
2.25008e-16  3  463  
3.3456e-16  3  473  
1.61292e-16  3  458  
1.69462e-16  3  430  
1.69166e-16  3  473  
5.42009e-17  3  509  
3.27646e-17  3  448  
2.24151e-16  3  430  
3.27663e-17  3  433  
6.44409e-17  3  431  
1.66155e-16  3  441  
1.1574e-16  3  430  
1.60061e-16  3  444  
3.26135e-17  3  453  
3.25764e-17  3  431  
2.28605e-16  3  436  
1.1565e-16  3  436  
1.60405e-16  3  424  
2.24378e-16  3  543  
1.60445e-16  3  402  
1.15599e-16  3  384  
1.15601e-16  3  365  
1.15569e-16  3  371  
1.69124e-16  2  379  
1.20259e-16  3  251  
1.51178e-16  3  357  
1.18665e-16  3  404  
2.38847e-16  3  592  
1.2834e-16  3  1944  
9.53428e-17  3  1381  
2.28317e-16  3  1830  
2.32804e-16  3  1559  
1.59508e-16  3  1559  
5.90173e-17  3  1532  
1.97092e-16  3  1610  
1.40399e-16  3  990  
6.75743e-17  3  1103  
1.88315e-16  3  1258  
9.3132e-17  3  1746  
1.72422e-16  3  1574  
1.96318e-16  3  1520  
3.62101e-17  3  1523  
1.28425e-16  3  1545  
1.29564e-16  3  1625  
2.33502e-16  3  1012  
1.56567e-16  3  798  
2.96263e-17  3  729  
1.86096e-16  3  969  
1.18817e-16  3  1056  
2.56627e-16  3  748  
2.47799e-16  3  740  
1.29182e-16  3  724  
5.63142e-17  3  710  
8.60151e-17  3  730  
1.82575e-16  3  748  
6.52948e-17  3  756  
1.74298e-16  3  745  
6.31505e-17  3  739  
9.06437e-17  3  709  
1.74313e-16  3  639  
1.22471e-16  3  432  
1.97336e-16  3  420  
8.42607e-17  3  412  
1.15381e-16  3  541  
1.9905e-16  3  713  
7.57085e-17  3  650  
2.30634e-16  3  652  
1.03188e-16  3  626  
8.56136e-17  3  632  
1.64029e-16  3  644  
7.88925e-17  3  645  
1.63116e-16  3  644  
7.88899e-17  3  653  
7.90873e-17  3  615  
1.75892e-16  3  576  
1.3445e-16  3  561  
7.62345e-17  3  562  
6.34382e-17  3  556  
7.5177e-17  3  581  
7.52776e-17  3  481  
8.68566e-17  3  360  
1.00345e-16  3  363  
2.3288e-16  3  348  
1.75935e-16  3  349  
1.32134e-16  3  344  
4.0496e-17  3  399  
8.04485e-17  3  570  
1.34336e-16  3  583  
7.61673e-17  3  579  
1.18269e-16  3  569  
9.19204e-17  3  540  
1.71373e-16  3  525  
7.42151e-17  3  528  
1.82158e-16  3  521  
1.75898e-16  3  512  
1.21937e-16  3  511  
9.35719e-17  3  523  
1.80039e-16  3  515  
7.33668e-17  3  524  
5.4924e-17  3  515  
1.70705e-16  3  546  
1.4512e-16  3  520  
9.348e-17  3  518  
1.78691e-16  3  513  
1.29032e-16  3  363  
6.56363e-17  3  300  
1.21336e-16  3  296  
5.01356e-17  3  273  
1.15271e-16  3  830  
9.40439e-17  3  1549  
1.33666e-16  3  1578  
6.39843e-17  3  1522  
4.87501e-17  3  1509  
1.33678e-16  3  1471  
1.70175e-16  3  1474  
4.88179e-17  3  1484  
1.29011e-16  3  1162  
2.04377e-16  3  928  
6.53704e-17  3  761  
1.56559e-16  3  874  
1.84193e-16  3  774  
1.24849e-16  3  564  
9.73971e-17  3  572  
1.21758e-16  3  588  
1.70127e-16  3  583  
1.34804e-16  3  591  
1.02204e-16  3  565  
1.27325e-16  3  564  
2.29807e-16  3  568  
1.59943e-16  3  570  
9.31862e-17  3  561  
1.54494e-16  3  566  
1.59171e-16  3  570  
1.81448e-16  3  576  
1.24643e-16  3  652  
1.6979e-16  3  478  
1.16936e-16  3  506  
1.81546e-16  3  682  
1.53518e-16  3  680  
1.37677e-16  3  575  
1.01787e-16  3  467  
3.83207e-17  3  457  
1.18972e-16  3  446  
1.55596e-16  3  447  
1.18442e-16  3  446  
2.06464e-17  3  468  
1.26913e-16  3  450  
1.14225e-16  3  447  
1.56917e-16  3  451  
1.78347e-16  3  474  
2.49959e-17  3  453  
1.56659e-16  3  453  
1.99543e-16  3  443  
1.86201e-16  3  394  
1.19885e-16  3  384  
1.20353e-16  3  387  
1.9629e-16  3  383  
1.10458e-16  3  377  
1.28169e-16  3  373  
1.67515e-16  3  380  
1.64186e-16  3  388  
1.37131e-16  3  382  
2.08697e-16  3  379  
1.70405e-16  3  399  
1.64167e-16  3  375  
2.32696e-17  3  386  
1.84393e-16  3  396  
5.62124e-17  3  382  
1.60998e-16  3  384  
1.18295e-16  3  372  
1.16482e-16  3  371  
1.70166e-16  3  383  
2.68692e-17  3  404  
1.28977e-16  3  325  
2.31538e-16  3  369  
1.60248e-16  3  492  
1.36114e-16  3  557  
1.0805e-16  3  406  
1.05785e-16  3  332  
2.64562e-16  3  387  
1.05905e-16  3  325  
9.1118e-17  3  327  
1.11724e-16  3  352  
5.94627e-17  3  501  
9.10972e-17  3  580  
6.15974e-17  3  570  
1.35631e-16  3  574  
1.35618e-16  3  562  
2.05297e-16  3  335  
1.29982e-16  3  348  
1.08438e-16  3  324  
2.49897e-16  3  327  
1.29213e-16  3  321  
2.3341e-16  3  291  
1.64598e-16  3  283  
1.11103e-16  3  283  
1.68034e-16  3  281  
1.07008e-16  3  374  
5.97327e-17  3  1320  
1.5076e-16  3  1089  
1.16435e-16  3  1057  
1.50706e-16  3  1075  
1.07053e-16  3  1158  
1.97486e-16  3  1071  
1.4047e-16  3  1274  
1.61941e-16  3  1609  
1.32302e-16  3  1073  
1.68912e-16  3  1345  
1.61791e-16  3  1207  
1.56988e-16  3  859  
2.44831e-16  3  995  
6.28574e-17  3  575  
1.39852e-16  3  601  
1.30191e-16  3  840  
1.28355e-16  3  864  
1.44319e-16  3  550  
5.90697e-17  3  622  
5.90809e-17  3  540  
6.12949e-17  3  535  
1.2923e-16  3  557  
5.96191e-17  3  548  
5.90874e-17  3  557  
1.35229e-16  3  560  
7.42132e-17  3  537  
1.40665e-16  3  448  
1.13924e-16  3  452  
1.84969e-16  3  648  
5.89152e-17  3  535  
6.81254e-17  3  700  
1.34367e-16  3  480  
8.45225e-17  3  480  
1.2864e-16  3  460  
5.93282e-17  3  447  
1.69192e-16  3  731  
5.93506e-17  3  545  
2.9483e-16  3  582  
1.1597e-16  3  482  
1.06042e-16  3  451  
1.40979e-16  3  526  
1.62195e-16  3  393  
1.17646e-16  3  379  
1.91474e-16  3  380  
1.27468e-16  3  378  
1.87507e-16  3  378  
8.4689e-17  3  371  
1.73686e-16  3  393  
8.59494e-17  3  376  
1.93711e-16  3  373  
2.03829e-16  3  372  
1.27389e-16  3  426  
1.88349e-16  3  549  
1.40311e-16  3  560  
1.1744e-16  3  382  
1.68021e-16  3  373  
1.68968e-16  3  396  
1.6841e-16  3  371  
1.25329e-16  3  372  
1.12914e-16  3  384  
1.67822e-16  3  371  
1.12951e-16  3  468  
9.42816e-17  3  391  
1.00163e-16  3  477  
1.61511e-16  3  336  
1.6904e-16  3  342  
8.59641e-17  3  372  
6.28757e-17  3  267  
2.32585e-16  3  309  
1.62729e-16  3  327  
1.84337e-16  3  271  
1.57002e-16  3  381  
1.33613e-16  3  361  
1.17015e-16  3  1142  
1.0186e-16  3  1155  
1.29209e-16  3  1148  
1.34637e-16  3  1119  
1.40115e-16  3  1134  
1.96912e-16  3  1134  
1.26796e-16  3  1188  
2.28767e-16  3  1748  
8.39839e-17  3  1554  
1.45156e-16  3  931  
2.34059e-16  3  758  
1.21066e-16  3  1218  
1.01456e-16  3  769  
5.92233e-17  3  1164  
1.20427e-16  3  759  
1.17621e-16  3  1107  
1.81077e-16  3  592  
1.15853e-16  3  569  
1.41736e-16  3  588  
1.8327e-16  3  571  
2.13971e-16  3  567  
2.01551e-16  3  567  
2.33692e-16  3  572  
1.20829e-16  3  621  
8.4973e-17  3  818  
2.13899e-16  3  641  
1.4612e-16  3  586  
1.80026e-16  3  725  
1.30331e-16  3  454  
1.9084e-16  3  450  
1.19485e-16  3  477  
1.43902e-16  3  465  
1.43185e-16  3  457  
1.88494e-16  3  445  
1.02079e-16  3  452  
1.60943e-16  3  352  
1.57888e-16  3  325  
8.58768e-17  3  263  
6.69189e-17  3  353  
1.59797e-16  3  542  
1.36221e-16  3  418  
1.35611e-16  3  1736  
4.05445e-13  2  1180  
4.007e-13  2  783  
3.96509e-13  2  751  
3.91906e-13  2  852  
3.87581e-13  2  774  
3.83272e-13  2  802  
3.78985e-13  2  752  
3.74707e-13  2  747  
3.7074e-13  2  1220  
3.66471e-13  2  832  
3.62446e-13  2  1059  
3.5844e-13  2  847  
3.54643e-13  2  560  
3.50587e-13  2  852  
3.46652e-13  2  521  
3.43047e-13  2  506  
3.39411e-13  2  800  
3.35564e-13  2  489  
3.31718e-13  2  405  
3.28439e-13  2  434  
3.24967e-13  2  412  
3.21282e-13  2  381  
3.17983e-13  2  392  
3.14478e-13  2  391  
3.10915e-13  2  381  
3.07698e-13  2  380  
3.04475e-13  2  379  
3.01264e-13  2  320  
2.97826e-13  2  262  
2.94904e-13  2  234  
2.91773e-13  2  292  
2.88582e-13  2  427  
2.85708e-13  2  920  
2.82621e-13  2  760  
2.79399e-13  2  755  
2.76814e-13  2  931  
2.73896e-13  2  1288  
2.70935e-13  2  793  
2.68218e-13  2  783  
2.65333e-13  2  1209  
2.62716e-13  2  1207  
2.59867e-13  2  779  
2.57118e-13  2  818  
2.54691e-13  2  1022  
2.5182e-13  2  853  
2.49452e-13  2  516  
2.46884e-13  2  505  
2.44193e-13  2  891  
2.4177e-13  2  638  
2.39195e-13  2  671  
2.368e-13  2  549  
2.34389e-13  2  563  
2.31962e-13  2  455  
2.29683e-13  2  558  
2.27307e-13  2  409  
2.25105e-13  2  402  
2.22659e-13  2  383  
2.20495e-13  2  442  
2.18182e-13  2  402  
2.16145e-13  2  398  
2.13874e-13  2  396  
2.11733e-13  2  392  
2.09615e-13  2  390  
2.07501e-13  2  382  
2.05625e-13  2  370  
2.03313e-13  2  453  
2.01376e-13  2  437  
1.99321e-13  2  330  
1.97327e-13  2  203  
1.95352e-13  2  649  
1.9344e-13  2  777  
1.91583e-13  2  884  
1.89751e-13  2  823  
1.87772e-13  2  821  
1.85883e-13  2  871  
1.84241e-13  2  749  
1.82405e-13  2  744  
1.80441e-13  2  752  
1.78893e-13  2  890  
1.77101e-13  2  749  
1.7523e-13  2  836  
1.73483e-13  2  865  
1.71757e-13  2  790  
1.70164e-13  2  623  
1.68537e-13  2  666  
1.669e-13  2  562  
1.6521e-13  2  388  
1.63712e-13  2  392  
1.62219e-13  2  377  
1.6042e-13  2  425  
1.58889e-13  2  372  
1.57417e-13  2  384  
1.55961e-13  2  417  
1.54406e-13  2  411  
1.52915e-13  2  463  
1.51633e-13  2  418  
1.50191e-13  2  415  
1.48609e-13  2  403  
1.47075e-13  2  424  
1.45853e-13  2  481  
1.44462e-13  2  415  
1.43029e-13  2  377  
1.41685e-13  2  312  
1.40388e-13  2  332  
1.38925e-13  2  313  
1.37774e-13  2  323  
1.36366e-13  2  327  
1.35067e-13  2  339  
1.33909e-13  2  326  
1.32569e-13  2  321  
1.31246e-13  2  314  
1.3004e-13  2  343  
1.28734e-13  2  358  
1.27625e-13  2  308  
1.26264e-13  2  335  
1.25257e-13  2  324  
1.23946e-13  2  317  
1.22814e-13  2  330  
1.2161e-13  2  327  
1.20505e-13  2  308  
1.19392e-13  2  341  
1.18138e-13  2  301  
1.17304e-13  2  308  
1.16124e-13  2  256  
1.15008e-13  2  262  
1.13954e-13  2  251  
1.12864e-13  2  428  
1.1187e-13  2  285  
1.1079e-13  2  281  
1.09681e-13  2  257  
1.08888e-13  2  249  
1.07813e-13  2  253  
1.06683e-13  2  258  
1.05713e-13  2  248  
1.04739e-13  2  252  
1.03681e-13  2  279  
1.02728e-13  2  255  
1.01879e-13  2  248  
1.00965e-13  2  256  
1.00063e-13  2  257  
9.89692e-14  2  252  
9.80624e-14  2  248  
9.72663e-14  2  269  
9.62548e-14  2  251  
9.5443e-14  2  253  
9.46194e-14  2  262  
9.3643e-14  2  255  
9.27957e-14  2  271  
9.20872e-14  2  256  
9.12797e-14  2  227  
9.02115e-14  2  214  
8.94893e-14  2  212  
8.86806e-14  2  220  
8.77955e-14  2  226  
8.67189e-14  2  378  
8.60642e-14  2  247  
8.54084e-14  2  222  
8.46758e-14  2  231  
8.38059e-14  2  257  
8.31971e-14  2  316  
8.22528e-14  2  194  
8.15084e-14  2  213  
8.09004e-14  2  193  
8.00434e-14  2  192  
7.93238e-14  2  210  
7.84563e-14  2  191  
7.76989e-14  2  190  
7.71119e-14  2  193  
7.65557e-14  2  278  
7.584e-14  2  225  
7.50528e-14  2  329  
7.43004e-14  2  355  
7.36418e-14  2  264  
7.28631e-14  2  213  
7.25185e-14  2  231  
7.16382e-14  2  190  
7.10826e-14  2  183  
7.03821e-14  2  216  
6.95388e-14  2  218  
6.90694e-14  2  167  
6.84134e-14  2  166  
6.77816e-14  2  770  
6.72801e-14  2  796  
6.66065e-14  2  767  
6.60745e-14  2  740  
6.52843e-14  2  857  
6.47108e-14  2  755  
6.4209e-14  2  877  
6.34415e-14  2  748  
6.31241e-14  2  875  
6.24149e-14  2  755  
6.18958e-14  2  1092  
6.11586e-14  2  1098  
6.07871e-14  2  767  
6.01098e-14  2  757  
5.9683e-14  2  594  
5.90052e-14  2  548  
5.84656e-14  2  558  
5.80241e-14  2  459  
5.75512e-14  2  426  
5.69009e-14  2  620  
5.65066e-14  2  496  
5.5851e-14  2  430  
5.53201e-14  2  392  
5.49282e-14  2  398  
5.4445e-14  2  375  
5.3949e-14  2  372  
5.34096e-14  2  373  
5.29241e-14  2  462  
5.24847e-14  2  389  
5.20384e-14  2  411  
5.1532e-14  2  373  
5.08429e-14  2  373  
5.0346e-14  2  376  
4.9831e-14  2  373  
4.94302e-14  2  305  
4.90422e-14  2  299  
4.84585e-14  2  309  
4.82682e-14  2  305  
4.77272e-14  2  308  
4.71822e-14  2  335  
4.69356e-14  2  310  
4.64457e-14  2  324  
4.60497e-14  2  300  
4.54987e-14  2  295  
4.50118e-14  2  305  
4.45735e-14  2  302  
4.43518e-14  2  307  
4.38682e-14  2  304  
4.34806e-14  2  384  
4.29977e-14  2  443  
4.25866e-14  2  307  
4.23113e-14  2  307  
4.18712e-14  2  297  
4.14528e-14  2  295  
4.11635e-14  2  311  
4.06766e-14  2  384  
4.04565e-14  2  248  
3.99985e-14  2  252  
3.94755e-14  2  246  
3.92568e-14  2  244  
3.872e-14  2  251  
3.84709e-14  2  247  
3.79664e-14  2  288  
3.76368e-14  2  245  
3.72032e-14  2  251  
3.69856e-14  2  278  
3.65179e-14  2  251  
3.62905e-14  2  255  
3.60049e-14  2  253  
3.55861e-14  2  251  
3.53996e-14  2  269  
3.47937e-14  2  256  
3.46007e-14  2  244  
3.44549e-14  2  254  
3.40033e-14  2  254  
3.36589e-14  2  253  
3.33899e-14  2  245  
3.29373e-14  2  240  
3.25143e-14  2  241  
3.21815e-14  2  240  
3.19434e-14  2  240  
3.17054e-14  2  248  
3.14327e-14  2  240  
3.11118e-14  2  239  
3.07558e-14  2  207  
3.06535e-14  2  221  
3.02845e-14  2  209  
2.9704e-14  2  241  
2.95702e-14  2  193  
2.922e-14  2  805  
2.89919e-14  2  1039  
2.87159e-14  2  761  
2.84983e-14  2  867  
2.81492e-14  2  792  
2.78708e-14  2  755  
2.76451e-14  2  869  
2.7479e-14  2  745  
2.70548e-14  2  810  
2.67937e-14  2  732  
2.6345e-14  2  762  
2.6337e-14  2  744  
2.60538e-14  2  785  
2.56487e-14  2  770  
2.5421e-14  2  692  
2.53014e-14  2  833  
2.49346e-14  2  539  
2.46471e-14  2  467  
2.44234e-14  2  376  
2.41082e-14  2  461  
2.39929e-14  2  384  
2.36399e-14  2  385  
2.34771e-14  2  374  
2.32841e-14  2  382  
2.30842e-14  2  378  
2.27739e-14  2  372  
2.25319e-14  2  381  
2.23549e-14  2  446  
2.21679e-14  2  405  
2.18963e-14  2  397  
2.15817e-14  2  383  
2.12995e-14  2  404  
2.12317e-14  2  378  
2.09952e-14  2  391  
2.07119e-14  2  379  
2.03609e-14  2  389  
2.02209e-14  2  389  
1.99729e-14  2  382  
1.99656e-14  2  306  
1.97106e-14  2  311  
1.95143e-14  2  303  
1.92608e-14  2  311  
1.8951e-14  2  317  
1.87909e-14  2  313  
1.87753e-14  2  378  
1.85192e-14  2  312  
1.82576e-14  2  304  
1.79754e-14  2  315  
1.77463e-14  2  523  
1.74242e-14  2  459  
1.75248e-14  2  322  
1.7245e-14  2  384  
1.7086e-14  2  316  
1.68439e-14  2  309  
1.67207e-14  2  309  
1.63386e-14  2  307  
1.63428e-14  2  293  
1.60198e-14  2  278  
1.5931e-14  2  392  
1.57843e-14  2  201  
1.57072e-14  2  179  
1.54785e-14  2  500  
1.52068e-14  2  757  
1.50338e-14  2  759  
1.49863e-14  2  755  
1.47303e-14  2  759  
1.45483e-14  2  748  
1.44476e-14  2  932  
1.41946e-14  2  735  
1.39594e-14  2  813  
1.37763e-14  2  836  
1.3857e-14  2  737  
1.36491e-14  2  890  
1.3393e-14  2  797  
1.33621e-14  2  751  
1.30555e-14  2  744  
1.3077e-14  2  491  
1.29003e-14  2  511  
1.26738e-14  2  862  
1.25933e-14  2  695  
1.24639e-14  2  525  
1.22162e-14  2  492  
1.22163e-14  2  486  
1.20343e-14  2  511  
1.17797e-14  2  368  
1.16557e-14  2  375  
1.14998e-14  2  363  
1.12987e-14  2  381  
1.12703e-14  2  373  
1.1036e-14  2  436  
1.08963e-14  2  372  
1.07742e-14  2  365  
1.07725e-14  2  363  
1.05797e-14  2  366  
1.03332e-14  2  404  
1.02598e-14  2  590  
1.01327e-14  2  502  
9.99716e-15  2  502  
9.96246e-15  2  377  
9.8248e-15  2  364  
9.44808e-15  2  353  
9.40224e-15  2  283  
9.40327e-15  2  283  
9.21293e-15  2  314  
8.96849e-15  2  284  
9.10932e-15  2  283  
8.85873e-15  2  285  
8.81505e-15  2  286  
8.31797e-15  2  301  
8.56275e-15  2  282  
8.3333e-15  2  290  
8.43562e-15  2  284  
8.12165e-15  2  286  
8.21919e-15  2  281  
7.89343e-15  2  283  
7.86603e-15  2  307  
7.67629e-15  2  283  
7.63333e-15  2  304  
7.54488e-15  2  284  
7.46346e-15  2  283  
7.43746e-15  2  301  
7.34891e-15  2  283  
7.03633e-15  2  293  
7.14318e-15  2  358  
6.94552e-15  2  275  
6.94067e-15  2  239  
6.85699e-15  2  257  
6.64572e-15  2  394  
6.55361e-15  2  345  
6.35989e-15  2  240  
6.31668e-15  2  238  
6.17416e-15  2  263  
5.97397e-15  2  277  
5.85979e-15  2  261  
5.96076e-15  2  243  
5.92222e-15  2  244  
5.76443e-15  2  243  
5.55126e-15  2  242  
5.68715e-15  2  249  
5.41927e-15  2  243  
5.43434e-15  2  271  
5.11675e-15  2  242  
5.31874e-15  2  239  
4.91985e-15  2  241  
5.05356e-15  2  248  
5.05324e-15  2  251  
4.83611e-15  2  243  
4.92785e-15  2  243  
4.72783e-15  2  243  
4.5824e-15  2  244  
4.71018e-15  2  246  
4.46201e-15  2  225  
4.56052e-15  2  220  
4.34587e-15  2  224  
4.41477e-15  2  238  
4.18123e-15  2  219  
4.03828e-15  2  223  
3.90682e-15  2  220  
4.05439e-15  2  220  
3.95091e-15  2  220  
3.89074e-15  2  223  
3.67085e-15  2  268  
3.69827e-15  2  229  
3.73448e-15  2  218  
3.48186e-15  2  218  
3.51969e-15  2  217  
3.30581e-15  2  217  
3.5156e-15  2  216  
3.17701e-15  2  238  
3.14639e-15  2  278  
3.10635e-15  2  267  
3.06614e-15  2  223  
2.92737e-15  2  221  
2.95162e-15  2  219  
2.92241e-15  2  218  
2.84524e-15  2  218  
2.69776e-15  2  229  
2.59229e-15  2  223  
2.65516e-15  2  218  
2.47889e-15  2  220  
2.81197e-15  2  221  
2.47738e-15  2  220  
2.48947e-15  2  214  
2.35698e-15  2  202  
2.25921e-15  2  194  
2.13985e-15  2  194  
2.17151e-15  2  193  
2.13142e-15  2  190  
2.12673e-15  2  191  
2.14334e-15  2  198  
2.13686e-15  2  192  
1.79918e-15  2  190  
1.78529e-15  2  191  
1.86391e-15  2  205  
1.77585e-15  2  192  
1.97407e-15  2  196  
1.68802e-15  2  191  
1.80743e-15  2  199  
1.52525e-15  2  190  
1.67269e-15  2  192  
1.6358e-15  2  176  
1.44283e-15  2  175  
1.41401e-15  2  177  
1.43944e-15  2  172  
1.32941e-15  2  234  
1.42918e-15  2  162  
1.33311e-15  2  199  
1.33076e-15  2  200  
1.24274e-15  2  219  
1.12764e-15  2  184  
1.15242e-15  2  212  
1.13715e-15  2  182  
1.2534e-15  2  180  
1.13305e-15  2  181  
8.7262e-16  2  185  
1.08115e-15  2  181  
8.88102e-16  2  180  
9.95714e-16  2  207  
6.47283e-16  2  285  
8.90239e-16  2  246  
7.12739e-16  2  183  
8.30001e-16  2  221  
7.19745e-16  2  177  
7.31863e-16  2  252  
6.13153e-16  2  320  
6.01395e-16  2  311  
6.31068e-16  2  464  
6.12224e-16  2  839  
4.79464e-16  2  763  
6.01342e-16  2  816  
5.86531e-16  2  922  
6.13044e-16  2  1019  
4.75806e-16  2  774  
4.72693e-16  2  1064  
3.51187e-16  2  833  
5.81708e-16  2  875  
3.67447e-16  2  765  
3.50261e-16  2  990  
3.48734e-16  2  786  
2.70581e-16  2  916  
3.00308e-16  2  866  
3.98947e-16  2  546  
1.98476e-16  2  488  
1.82224e-16  2  542  
3.9656e-16  2  497  
3.19526e-16  2  486  
1.17727e-16  2  484  
2.72015e-16  2  593  
1.65125e-16  2  509  
2.72099e-16  2  496  
2.18128e-16  2  362  
1.31828e-16  2  369  
8.7584e-17  2  370  
2.71171e-16  2  393  
1.98314e-16  2  366  
1.44683e-16  2  362  
1.64294e-16  2  382  
1.32144e-16  2  361  
1.31693e-16  2  360  
4.4948e-17  2  360  
1.18459e-16  2  392  
2.1879e-16  2  366  
1.19812e-16  2  364  
1.89558e-16  2  362  
8.68952e-17  2  361  
2.07852e-16  2  365  
1.31507e-16  2  631  
2.01648e-16  2  377  
2.38818e-16  2  290  
1.39486e-16  2  293  
3.14318e-17  2  293  
1.7835e-16  2  288  
1.15377e-16  2  290  
7.04658e-17  2  377  
1.28646e-16  2  298  
1.15248e-16  2  290  
1.69431e-16  2  315  
3.17995e-17  2  292  
1.97317e-16  2  291  
1.11046e-16  2  290  
1.00424e-16  2  291  
2.02486e-16  2  289  
2.1797e-16  2  290  
7.94866e-17  2  291  
1.36538e-16  2  291  
1.15354e-16  2  290  
5.55238e-17  2  290  
1.86379e-16  2  314  
5.54882e-17  2  311  
5.53146e-17  2  290  
1.16531e-16  2  291  
1.74944e-16  2  270  
1.16623e-16  2  242  
1.52937e-16  2  235  
1.87216e-16  2  229  
1.65462e-16  2  228  
1.86312e-16  2  225  
4.00699e-16  2  228  
2.95604e-16  2  227  
3.49086e-16  2  273  
2.6232e-16  2  234  
2.60877e-16  2  237  
1.86628e-16  2  226  
3.63233e-16  2  224  
2.90764e-16  2  224  
4.57978e-16  2  225  
3.95585e-16  2  386  
3.46531e-16  2  244  
3.46523e-16  2  231  
4.27386e-16  2  232  
3.64712e-16  2  227  
3.95511e-16  2  230  
6.77387e-16  2  225  
5.00632e-16  2  232  
5.47357e-16  2  256  
5.68053e-16  2  241  
4.52802e-16  2  240  
7.46246e-16  2  195  
4.36483e-16  2  194  
6.59895e-16  2  193  
7.69002e-16  2  191  
5.59735e-16  2  193  
6.54073e-16  2  193  
5.15385e-16  2  195  
7.02751e-16  2  195  
7.68925e-16  2  196  
6.9349e-16  2  195  
9.06437e-16  2  197  
9.10033e-16  2  194  
8.06829e-16  2  192  
9.03214e-16  2  192  
8.92264e-16  2  195  
1.18509e-15  2  205  
1.22071e-15  2  208  
1.11258e-15  2  197  
1.19586e-15  2  196  
1.14995e-15  2  205  
1.26968e-15  2  201  
1.35165e-15  2  208  
1.33025e-15  2  194  
1.30484e-15  2  198  
1.39072e-15  2  194  
1.23924e-15  2  195  
1.35389e-15  2  195  
1.57614e-15  2  195  
1.46121e-15  2  192  
1.58375e-15  2  201  
1.59845e-15  2  170  
1.58463e-15  2  172  
1.66117e-15  2  171  
1.64398e-15  2  171  
1.67313e-15  2  180  
1.75629e-15  2  171  
1.88672e-15  2  189  
1.86812e-15  2  177  
2.1139e-15  2  174  
1.8854e-15  2  171  
2.10831e-15  2  172  
1.97984e-15  2  171  
2.11476e-15  2  177  
2.10373e-15  2  177  
2.21911e-15  2  170  
2.30559e-15  2  207  
2.44839e-15  2  270  
2.52576e-15  2  728  
2.4288e-15  2  730  
2.74788e-15  2  674  
2.64889e-15  2  802  
2.64977e-15  2  699  
2.8733e-15  2  829  
2.89734e-15  2  698  
2.8715e-15  2  685  
2.89822e-15  2  678  
2.86162e-15  2  727  
3.11885e-15  2  675  
3.23281e-15  2  684  
3.13352e-15  2  676  
3.12745e-15  2  730  
3.25509e-15  2  649  
3.36464e-15  2  456  
3.56496e-15  2  507  
3.49707e-15  2  783  
3.59853e-15  2  792  
3.74092e-15  2  656  
3.70781e-15  2  429  
3.61299e-15  2  363  
4.04515e-15  2  470  
3.96046e-15  2  378  
3.95642e-15  2  365  
4.06273e-15  2  366  
4.31473e-15  2  367  
4.1271e-15  2  365  
4.24075e-15  2  363  
4.47958e-15  2  364  
4.33384e-15  2  364  
4.52241e-15  2  396  
4.56888e-15  2  370  
4.72165e-15  2  360  
4.73579e-15  2  366  
4.90439e-15  2  400  
4.94076e-15  2  319  
4.90758e-15  2  296  
5.04498e-15  2  291  
5.14662e-15  2  290  
5.28199e-15  2  289  
5.39775e-15  2  310  
5.50638e-15  2  310  
5.59405e-15  2  300  
5.74198e-15  2  297  
5.71775e-15  2  294  
5.80031e-15  2  295  
5.85949e-15  2  293  
5.9964e-15  2  438  
6.32752e-15  2  448  
6.1816e-15  2  516  
6.25164e-15  2  334  
6.44171e-15  2  300  
6.46396e-15  2  327  
6.54567e-15  2  293  
6.65281e-15  2  281  
6.66912e-15  2  277  
6.89292e-15  2  285  
6.90048e-15  2  266  
7.11154e-15  2  264  
7.24948e-15  2  250  
7.24768e-15  2  243  
7.4795e-15  2  256  
7.44192e-15  2  254  
7.5956e-15  2  260  
7.71134e-15  2  254  
7.84033e-15  2  257  
8.00221e-15  2  249  
7.86745e-15  2  255  
8.24894e-15  2  271  
8.24328e-15  2  245  
8.46709e-15  2  256  
8.43879e-15  2  257  
8.56864e-15  2  256  
8.6713e-15  2  223  
8.802e-15  2  158  
8.90988e-15  2  682  
9.12328e-15  2  777  
9.4482e-15  2  772  
9.34306e-15  2  974  
9.30934e-15  2  1221  
9.51055e-15  2  1250  
9.74107e-15  2  777  
9.96872e-15  2  751  
1.00153e-14  2  797  
9.96415e-15  2  738  
1.00655e-14  2  733  
1.04722e-14  2  737  
1.05783e-14  2  746  
1.04715e-14  2  733  
1.07432e-14  2  615  
1.07396e-14  2  239  
1.0838e-14  2  286  
1.11076e-14  2  365  
1.12894e-14  2  267  
1.15403e-14  2  196  
1.16335e-14  2  211  
1.17045e-14  2  244  
1.18622e-14  2  417  
1.19203e-14  2  227  
1.20786e-14  2  342  
1.24546e-14  2  1112  
1.23252e-14  2  1036  
1.25887e-14  2  788  
1.27712e-14  2  734  
1.30455e-14  2  729  
1.31341e-14  2  727  
1.32679e-14  2  818  
1.3274e-14  2  806  
1.36247e-14  2  792  
1.36105e-14  2  696  
1.39547e-14  2  776  
1.40691e-14  2  857  
1.42291e-14  2  720  
1.45854e-14  2  564  
1.44757e-14  2  478  
1.46727e-14  2  513  
1.47945e-14  2  535  
1.50431e-14  2  520  
1.52801e-14  2  642  
1.54146e-14  2  614  
1.54221e-14  2  479  
1.57038e-14  2  472  
1.58305e-14  2  471  
1.60329e-14  2  349  
1.63362e-14  2  351  
1.63029e-14  2  358  
1.66585e-14  2  351  
1.6902e-14  2  349  
1.71623e-14  2  344  
1.72016e-14  2  338  
1.72702e-14  2  338  
1.7539e-14  2  359  
1.78758e-14  2  358  
1.79027e-14  2  348  
1.82145e-14  2  360  
1.83472e-14  2  354  
1.85766e-14  2  347  
1.86986e-14  2  346  
1.89584e-14  2  348  
1.90784e-14  2  396  
1.94935e-14  2  365  
1.95936e-14  2  315  
1.98068e-14  2  298  
1.98683e-14  2  285  
2.02019e-14  2  292  
2.0539e-14  2  322  
2.06347e-14  2  420  
2.0859e-14  2  324  
2.11484e-14  2  283  
2.14104e-14  2  313  
2.13487e-14  2  320  
2.18799e-14  2  285  
2.20185e-14  2  280  
2.22837e-14  2  291  
2.25307e-14  2  292  
2.28568e-14  2  288  
2.29531e-14  2  300  
2.30987e-14  2  290  
2.33124e-14  2  282  
2.36161e-14  2  288  
2.3814e-14  2  233  
2.40949e-14  2  234  
2.4504e-14  2  232  
2.44794e-14  2  235  
2.4973e-14  2  235  
2.49019e-14  2  236  
2.54298e-14  2  234  
2.56845e-14  2  233  
2.58495e-14  2  234  
2.63053e-14  2  235  
2.63754e-14  2  243  
2.66212e-14  2  242  
2.69593e-14  2  234  
2.72632e-14  2  234  
2.74617e-14  2  235  
2.78374e-14  2  235  
2.80567e-14  2  233  
2.8481e-14  2  232  
2.86204e-14  2  232  
2.87751e-14  2  232  
2.91369e-14  2  233  
2.94643e-14  2  235  
2.98162e-14  2  208  
3.00164e-14  2  208  
3.04114e-14  2  191  
3.07132e-14  2  200  
3.11372e-14  2  225  
3.13219e-14  2  166  
3.15686e-14  2  266  
3.17285e-14  2  710  
3.21716e-14  2  729  
3.26882e-14  2  709  
3.2873e-14  2  731  
3.31312e-14  2  712  
3.35077e-14  2  741  
3.39082e-14  2  706  
3.41989e-14  2  711  
3.44969e-14  2  724  
1.5117e-16  1  703  
1.16946e-16  1  360  
1.19965e-16  1  380  
1.62322e-16  1  362  
1.55219e-16  1  376  
1.47467e-16  1  358  
1.66681e-16  1  396  
1.35224e-16  1  362  
1.20509e-16  1  384  
1.35224e-16  1  247  
1.75173e-16  1  261  
1.2741e-16  1  269  
1.49146e-16  1  207  
1.2741e-16  1  193  
1.49146e-16  1  201  
1.94035e-16  1  195  
1.20509e-16  1  195  
1.35224e-16  1  192  
1.20509e-16  1  199  
1.97676e-16  1  195  
1.77347e-16  1  203  
2.12108e-16  1  193  
1.77347e-16  1  189  
2.12108e-16  1  188  
2.29931e-16  1  192  
1.35224e-16  1  189  
1.20509e-16  1  200  
1.35224e-16  1  190  
1.75173e-16  1  201  
1.2741e-16  1  192  
1.49146e-16  1  199  
1.2741e-16  1  187  
1.49146e-16  1  190  
1.94035e-16  1  188  
1.20509e-16  1  207  
1.35224e-16  1  193  
1.20509e-16  1  202  
1.97676e-16  1  192  
1.77347e-16  1  205  
2.74391e-15  2  153  
2.8536e-14  2  292  
2.84324e-14  2  306  
2.85759e-14  2  311  
2.8576e-14  2  282  
2.85759e-14  2  325  
2.88232e-14  2  290  
2.90705e-14  2  298  
2.88637e-14  2  314  
2.88635e-14  2  149  
2.89674e-14  2  149  
2.93178e-14  2  237  
2.91521e-14  2  154  
2.93375e-14  2  459  
2.92549e-14  2  745  
2.9482e-14  2  754  
2.94403e-14  2  812  
2.95441e-14  2  734  
2.96267e-14  2  820  
3.00382e-14  2  755  
3.00192e-14  2  958  
2.99353e-14  2  759  
3.0038e-14  2  841  
3.00384e-14  2  762  
3.02855e-14  2  748  
3.02668e-14  2  773  
3.04117e-14  2  711  
3.05154e-14  2  758  
3.08049e-14  2  668  
3.07622e-14  2  476  
3.09079e-14  2  510  
3.11121e-14  2  513  
3.09505e-14  2  501  
3.11393e-14  2  482  
3.14029e-14  2  361  
3.1343e-14  2  361  
3.17817e-14  2  362  
3.15915e-14  2  368  
3.90985e-14  2  390  
1.64351e-16  3  381  
1.11239e-16  3  561  
1.64351e-16  3  548  
2.14208e-16  3  530  
1.11239e-16  3  527  
1.66533e-16  3  545  
1.57009e-16  3  570  
1.21183e-16  3  530  
2.50666e-16  3  552  
1.14439e-16  3  527  
1.45717e-16  3  450  
1.12957e-16  3  449  
1.57163e-16  3  423  
1.24127e-16  3  264  
1.67111e-16  3  307  
3.52179e-16  3  289  
1.00074e-16  3  328  
1.77722e-16  3  419  
1.57009e-16  3  362  
1.24127e-16  3  748  
2.02064e-16  3  1255  
3.68219e-16  3  1749  
1.77722e-16  3  1240  
1.57009e-16  3  1127  
1.77722e-16  3  1068  
1.84632e-16  3  1096  
2.11835e-16  3  1092  
2.00629e-16  3  1135  
1.30923e-16  3  1073  
1.249e-16  3  870  
2.00629e-16  3  756  
1.57621e-16  3  709  
1.57621e-16  3  781  
2.25914e-16  3  710  
1.62435e-16  3  756  
1.249e-16  3  751  
1.11886e-16  3  643  
3.82836e-16  3  535  
4.16334e-17  3  534  
1.30923e-16  3  540  
1.66533e-16  3  538  
1.77722e-16  3  556  
1.84632e-16  3  534  
2.00629e-16  3  531  
5.55112e-17  3  527  
1.11886e-16  3  516  
3.24871e-16  3  517  
3.06884e-16  3  541  
2.25914e-16  3  543  
2.23773e-16  3  516  
1.84632e-16  3  410  
1.66533e-16  3  410  
1.57009e-16  3  423  
1.92296e-16  3  420  
1.77722e-16  3  417  
1.59444e-16  3  419  
1.14439e-16  3  431  
2.28878e-16  3  414  
5.55112e-17  3  408  
1.38778e-16  3  411  
5.55112e-17  3  411  
3.00222e-16  3  420  
1.27192e-16  3  409  
2.498e-16  3  417  
1.57009e-16  3  420  
1.11022e-16  3  398  
1.24127e-16  3  342  
1.14439e-16  3  358  
2.37144e-16  3  397  
1.59444e-16  3  286  
1.57009e-16  3  249  
1.66533e-16  3  248  
2.0955e-16  3  242  
1.24127e-16  3  241  
1.66533e-16  3  264  
1.27192e-16  3  285  
2.6037e-16  3  241  
1.11022e-16  3  246  
1.14439e-16  3  332  
2.77556e-17  3  243  
1.57009e-16  3  281  
6.20634e-17  3  294  
1.11022e-16  3  310  
3.10317e-16  3  881  
2.98937e-16  3  1023  
1.35974e-16  3  1091  
1.59444e-16  3  1044  
1.59444e-16  3  1021  
2.0955e-16  3  1097  
2.77556e-17  3  1072  
1.57009e-16  3  1021  
2.77556e-17  3  1092  
1.14439e-16  3  1115  
5.55112e-17  3  1102  
1.14439e-16  3  825  
2.498e-16  3  753  
1.66533e-16  3  653  
1.11022e-16  3  799  
2.00148e-16  3  703  
1.11022e-16  3  518  
1.14439e-16  3  536  
2.23773e-16  3  513  
8.32667e-17  3  514  
2.00148e-16  3  513  
1.38778e-16  3  433  
1.66533e-16  3  414  
2.498e-16  3  290  
2.77556e-17  3  259  
1.59444e-16  3  236  
1.14439e-16  3  280  
2.22045e-16  3  206  
1.38778e-16  3  252  
1.38778e-16  3  1026  
1.24127e-16  3  1042  
1.24127e-16  3  1068  
2.28878e-16  3  1215  
1.59444e-16  3  1176  
1.92296e-16  3  1245  
1.11022e-16  3  1194  
2.77556e-17  3  1335  
1.59444e-16  3  1237  
2.61846e-16  3  1140  
1.14439e-16  3  462  
1.00074e-16  3  250  
2.77556e-17  3  895  
2.22045e-16  3  1234  
2.54384e-16  3  1064  
1.38778e-16  3  1223  
2.28878e-16  3  1134  
1.14439e-16  3  1036  
1.92296e-16  3  1222  
1.11022e-16  3  1410  
1.11022e-16  3  1270  
5.55112e-17  3  1352  
1.92296e-16  3  779  
2.28878e-16  3  775  
1.66533e-16  3  864  
7.85046e-17  3  725  
2.95046e-16  3  794  
1.14439e-16  3  859  
1.27192e-16  3  595  
2.07704e-16  3  585  
1.57009e-16  3  576  
1.35974e-16  3  574  
2.02064e-16  3  769  
3.37661e-16  3  595  
6.20634e-17  3  512  
1.66533e-16  3  477  
1.14439e-16  3  467  
1.38778e-16  3  495  
2.0955e-16  3  472  
1.77722e-16  3  504  
1.35974e-16  3  490  
2.71948e-16  3  468  
1.66533e-16  3  503  
2.83052e-16  3  487  
1.57009e-16  3  525  
1.24127e-16  3  681  
1.66533e-16  3  762  
1.66533e-16  3  722  
1.11022e-16  3  630  
2.22045e-16  3  629  
3.14018e-16  3  627  
1.66533e-16  3  527  
5.55112e-17  3  497  
5.55112e-17  3  388  
7.85046e-17  3  388  
1.11022e-16  3  399  
2.98937e-16  3  386  
2.07704e-16  3  382  
2.48253e-16  3  384  
2.00148e-16  3  397  
4.2276e-16  3  387  
7.85046e-17  3  403  
1.24127e-16  3  386  
5.55112e-17  3  393  
1.57009e-16  3  329  
1.11022e-16  3  327  
0  3  328  
1.24127e-16  3  327  
3.33067e-16  3  328  
1.24127e-16  3  335  
1.11022e-16  3  329  
1.57009e-16  3  342  
2.54384e-16  3  329  
2.00148e-16  3  337  
0  3  393  
2.77556e-16  3  480  
2.54384e-16  3  1221  
3.33067e-16  3  1197  
1.11022e-16  3  1312  
2.22045e-16  3  1905  
2.22045e-16  3  1333  
5.55112e-17  3  1155  
1.66533e-16  3  1297  
2.71948e-16  3  1310  
1.92296e-16  3  1241  
1.66533e-16  3  934  
1.11022e-16  3  938  
1.24127e-16  3  925  
1.57009e-16  3  785  
2.54384e-16  3  778  
2.00148e-16  3  780  
1.57009e-16  3  632  
1.24127e-16  3  576  
2.22045e-16  3  576  
2.00148e-16  3  576  
2.00148e-16  3  590  
2.28878e-16  3  580  
2.35514e-16  3  575  
1.24127e-16  3  595  
1.57009e-16  3  578  
2.71948e-16  3  576  
2.98937e-16  3  582  
2.48253e-16  3  609  
1.24127e-16  3  574  
1.57009e-16  3  468  
1.24127e-16  3  461  
7.85046e-17  3  469  
2.28878e-16  3  471  
2.22045e-16  3  461  
1.24127e-16  3  488  
5.55112e-17  3  460  
2.48253e-16  3  464  
2.48253e-16  3  469  
1.75542e-16  3  461  
1.11022e-16  3  463  
1.24127e-16  3  468  
1.24127e-16  3  464  
1.57009e-16  3  470  
2.00148e-16  3  459  
1.57009e-16  3  425  
2.28878e-16  3  383  
1.57009e-16  3  380  
5.55112e-17  3  383  
1.11022e-16  3  382  
1.57009e-16  3  387  
2.6037e-16  3  389  
5.55112e-17  3  392  
7.85046e-17  3  384  
1.24127e-16  3  382  
1.57009e-16  3  410  
5.55112e-17  3  393  
1.35974e-16  3  401  
5.55112e-17  3  399  
2.35514e-16  3  392  
1.11022e-16  3  409  
2.07704e-16  3  417  
7.85046e-17  3  333  
1.11022e-16  3  329  
2.28878e-16  3  330  
3.88578e-16  3  336  
1.11022e-16  3  331  
1.11022e-16  3  327  
1.57009e-16  3  321  
1.11022e-16  3  315  
2.83052e-16  3  316  
1.75542e-16  3  315  
2.71948e-16  3  330  
1.35974e-16  3  317  
2.71948e-16  3  312  
1.75542e-16  3  300  
1.11022e-16  3  308  
2.54384e-16  3  284  
1.66533e-16  3  277  
7.85046e-17  3  289  
2.00148e-16  3  304  
3.51083e-16  3  286  
1.24127e-16  3  263  
1.57009e-16  3  260  
2.71948e-16  3  274  
1.24127e-16  3  261  
3.18887e-16  3  264  
3.23683e-16  3  264  
1.66533e-16  3  262  
2.48253e-16  3  263  
1.24127e-16  3  263  
2.07704e-16  3  267  
1.57009e-16  3  265  
1.24127e-16  3  277  
1.66533e-16  3  1064  
2.28878e-16  3  1053  
1.57009e-16  3  1090  
1.57009e-16  3  1049  
1.35974e-16  3  1092  
1.11022e-16  3  1048  
1.57009e-16  3  1049  
1.11022e-16  3  1067  
2.35514e-16  3  1048  
2.98937e-16  3  1047  
1.66533e-16  3  1077  
1.66533e-16  3  1182  
1.66533e-16  3  579  
1.66533e-16  3  523  
5.55112e-17  3  513  
1.11022e-16  3  619  
2.48253e-16  3  544  
1.11022e-16  3  516  
7.85046e-17  3  511  
2.83052e-16  3  523  
1.57009e-16  3  820  
1.66533e-16  3  608  
1.57009e-16  3  418  
1.24127e-16  3  435  
2.28878e-16  3  414  
3.55445e-16  3  411  
7.85046e-17  3  425  
1.57009e-16  3  437  
2.48253e-16  3  434  
1.57009e-16  3  451  
2.28878e-16  3  444  
2.48253e-16  3  454  
1.57009e-16  3  421  
3.68219e-16  3  415  
1.11022e-16  3  459  
1.11022e-16  3  362  
1.24127e-16  3  404  
1.24127e-16  3  529  
1.57009e-16  3  1062  
1.11022e-16  3  1173  
2.48253e-16  3  1084  
2.28878e-16  3  971  
1.24127e-16  3  1498  
1.11022e-16  3  1286  
1.57009e-16  3  1007  
1.11022e-16  3  1016  
1.66533e-16  3  957  
1.66533e-16  3  1138  
1.11022e-16  3  1024  
2.48253e-16  3  645  
1.66533e-16  3  801  
2.48253e-16  3  1046  
0  3  707  
2.48253e-16  3  700  
2.71948e-16  3  488  
2.28878e-16  3  466  
1.57009e-16  3  481  
1.11022e-16  3  581  
2.48253e-16  3  564  
1.11022e-16  3  581  
0  3  576  
1.57009e-16  3  608  
7.85046e-17  3  401  
1.24127e-16  3  281  
2.22045e-16  3  310  
1.11022e-16  3  326  
2.00148e-16  3  353  
5.55112e-17  3  663  
3.04047e-16  3  1083  
2.00148e-16  3  1263  
2.77556e-16  3  1291  
1.24127e-16  3  1085  
3.14018e-16  3  1114  
1.24127e-16  3  1084  
1.75542e-16  3  1023  
1.92296e-16  3  1020  
1.66533e-16  3  1017  
2.07704e-16  3  1067  
1.24127e-16  3  765  
1.24127e-16  3  594  
2.7894e-16  3  519  
5.55112e-17  3  515  
1.66533e-16  3  621  
1.66533e-16  3  604  
2.61846e-16  3  537  
1.57009e-16  3  547  
1.14439e-16  3  534  
1.35974e-16  3  542  
1.35974e-16  3  567  
1.11022e-16  3  521  
6.20634e-17  3  511  
1.77722e-16  3  516  
7.85046e-17  3  473  
5.55112e-17  3  440  
1.35974e-16  3  438  
1.66533e-16  3  421  
1.14439e-16  3  450  
1.11022e-16  3  428  
8.32667e-17  3  409  
2.48253e-16  3  455  
1.38778e-16  3  472  
1.38778e-16  3  545  
1.14439e-16  3  496  
1.66533e-16  3  485  
0  3  670  
1.24127e-16  3  546  
1.92296e-16  3  406  
1.57009e-16  3  387  
1.24127e-16  3  393  
1.38778e-16  3  400  
2.77556e-17  3  396  
1.27192e-16  3  406  
5.55112e-17  3  373  
8.32667e-17  3  396  
2.43554e-16  3  395  
1.49468e-16  3  370  
1.14439e-16  3  399  
1.14439e-16  3  396  
1.24127e-16  3  379  
1.27192e-16  3  393  
2.498e-16  3  415  
2.498e-16  3  406  
1.11022e-16  3  402  
8.32667e-17  3  363  
1.38778e-16  3  341  
1.38778e-16  3  349  
9.61481e-17  3  360  
2.16778e-16  3  332  
1.59444e-16  3  332  
2.22045e-16  3  369  
1.14439e-16  3  554  
1.27192e-16  3  561  
1.00074e-16  3  587  
1.11022e-16  3  605  
1.38778e-16  3  596  
1.57009e-16  3  369  
1.14439e-16  3  579  
2.498e-16  3  417  
2.30555e-16  3  383  
1.8619e-16  3  449  
5.55112e-17  3  398  
5.55112e-17  3  393  
1.57009e-16  3  445  
1.14439e-16  3  389  
1.24127e-16  3  375  
1.57009e-16  3  461  
6.20634e-17  3  376  
1.24127e-16  3  396  
1.24127e-16  3  395  
0  3  376  
1.24127e-16  3  429  
1.14439e-16  3  389  
1.38778e-16  3  379  
1.14439e-16  3  406  
1.11022e-16  3  336  
3.47776e-16  3  375  
1.35974e-16  3  397  
1.14439e-16  3  369  
2.77556e-17  3  437  
1.27192e-16  3  1730  
1.14439e-16  3  2118  
1.38778e-16  3  1602  
6.20634e-17  3  1851  
1.77722e-16  3  1723  
6.20634e-17  3  1797  
2.71948e-16  3  1662  
8.32667e-17  3  1171  
1.24127e-16  3  806  
0  3  788  
2.16778e-16  3  778  
2.02064e-16  3  600  
6.20634e-17  3  604  
2.28878e-16  3  578  
1.66533e-16  3  579  
2.77556e-17  3  608  
1.14439e-16  3  598  
1.49468e-16  3  586  
1.57009e-16  3  647  
1.14439e-16  3  626  
1.14439e-16  3  600  
1.35974e-16  3  548  
1.59444e-16  3  463  
1.59444e-16  3  464  
1.77722e-16  3  478  
8.32667e-17  3  622  
1.68831e-16  3  470  
5.55112e-17  3  463  
2.61846e-16  3  471  
1.14439e-16  3  478  
1.14439e-16  3  519  
2.28878e-16  3  464  
2.77556e-17  3  482  
1.11022e-16  3  471  
8.32667e-17  3  460  
1.57009e-16  3  376  
0  3  382  
1.14439e-16  3  382  
2.23773e-16  3  373  
0  3  384  
1.14439e-16  3  380  
1.11022e-16  3  395  
1.38778e-16  3  387  
2.498e-16  3  384  
1.24127e-16  3  378  
5.55112e-17  3  376  
2.77556e-17  3  402  
1.14439e-16  3  294  
2.498e-16  3  354  
2.77556e-17  3  361  
2.498e-16  3  321  
1.00074e-16  3  384  
1.27192e-16  3  289  
0  3  375  
1.57009e-16  3  362  
1.59444e-16  3  321  
1.14439e-16  3  498  
2.77556e-17  3  1143  
1.14439e-16  3  1368  
1.66533e-16  3  1338  
6.20634e-17  3  1220  
1.66533e-16  3  1190  
2.00148e-16  3  1169  
7.85046e-17  3  1113  
1.49468e-16  3  1139  
1.59444e-16  3  1130  
1.68831e-16  3  1197  
1.66533e-16  3  1026  
1.66533e-16  3  809  
2.30555e-16  3  798  
1.57009e-16  3  806  
6.20634e-17  3  872  
1.14439e-16  3  887  
1.27192e-16  3  665  
2.23773e-16  3  646  
1.77722e-16  3  652  
2.23773e-16  3  706  
1.24127e-16  3  661  
2.22045e-16  3  674  
8.32667e-17  3  664  
1.35974e-16  3  666  
5.55112e-17  3  687  
1.27192e-16  3  622  
1.66533e-16  3  467  
1.24127e-16  3  472  
2.0955e-16  3  454  
1.14439e-16  3  465  
1.38778e-16  3  465  
1.49468e-16  3  480  
1.27192e-16  3  493  
2.498e-16  3  478  
2.30555e-16  3  471  
1.14439e-16  3  473  
1.11022e-16  3  484  
1.27192e-16  3  491  
1.00074e-16  3  461  
2.48253e-16  3  384  
1.14439e-16  3  413  
1.38778e-16  3  393  
6.20634e-17  3  384  
2.30555e-16  3  395  
8.32667e-17  3  404  
1.14439e-16  3  403  
1.38778e-16  3  403  
2.28878e-16  3  390  
2.30555e-16  3  381  
2.28878e-16  3  410  
1.14439e-16  3  399  
1.59444e-16  3  380  
1.49468e-16  3  377  
0  3  499  
1.38778e-16  3  365  
1.59444e-16  3  324  
1.8619e-16  3  984  
1.35974e-16  3  1194  
5.55112e-17  3  1201  
1.49468e-16  3  1366  
1.11022e-16  3  1366  
2.77556e-17  3  1280  
1.49468e-16  3  1162  
0  3  1143  
1.14439e-16  3  1181  
2.48253e-16  3  1286  
1.35974e-16  3  1097  
1.57009e-16  3  1027  
1.11022e-16  3  1037  
1.49468e-16  3  1213  
1.14439e-16  3  946  
1.24127e-16  3  904  
6.20634e-17  3  579  
2.77556e-16  3  597  
1.24127e-16  3  599  
2.48253e-16  3  963  
2.0955e-16  3  807  
8.32667e-17  3  802  
1.49468e-16  3  852  
1.14439e-16  3  812  
1.14439e-16  3  905  
1.11022e-16  3  735  
2.28878e-16  3  780  
1.92296e-16  3  862  
1.14439e-16  3  839  
1.14439e-16  3  835  
1.14439e-16  3  833  
1.59444e-16  3  845  
5.55112e-17  3  832  
2.77556e-17  3  855  
2.23773e-16  3  770  
5.55112e-17  3  702  
2.48253e-16  3  710  
1.38778e-16  3  705  
1.14439e-16  3  710  
1.24127e-16  3  597  
1.38778e-16  3  491  
1.14439e-16  3  416  
1.14439e-16  3  395  
2.77556e-17  3  403  
1.14439e-16  3  393  
1.38778e-16  3  392  
1.11022e-16  3  366  
1.75542e-16  3  344  
2.77556e-17  3  348  
8.32667e-17  3  364  
5.55112e-17  3  352  
1.11022e-16  3  359  
2.28878e-16  3  348  
5.55112e-17  3  337  
1.38778e-16  3  344  
1.24127e-16  3  344  
1.11022e-16  3  337  
2.23773e-16  3  281  
1.59444e-16  3  292  
1.38778e-16  3  271  
2.77556e-17  3  271  
2.0955e-16  3  270  
1.14439e-16  3  317  
1.14439e-16  3  295  
1.27192e-16  3  271  
2.16778e-16  3  313  
2.54384e-16  3  278  
2.0955e-16  3  327  
1.8619e-16  3  298  
2.07704e-16  3  411  
1.14439e-16  3  316  
1.14439e-16  3  1016  
1.14439e-16  3  1200  
2.54384e-16  3  1247  
1.38778e-16  3  1196  
1.38778e-16  3  1220  
2.48253e-16  3  1182  
6.20634e-17  3  1186  
2.77556e-17  3  1185  
8.32667e-17  3  1186  
1.00074e-16  3  1195  
2.23773e-16  3  1109  
1.14439e-16  3  815  
8.32667e-17  3  796  
1.14439e-16  3  868  
2.77556e-17  3  865  
1.77722e-16  3  920  
1.14439e-16  3  830  
3.34221e-16  3  818  
6.20634e-17  3  753  
1.14439e-16  3  626  
2.54384e-16  3  605  
1.14439e-16  3  609  
1.14439e-16  3  608  
1.38778e-16  3  608  
1.38778e-16  3  637  
2.23773e-16  3  608  
2.61846e-16  3  694  
1.57009e-16  3  1134  
1.38778e-16  3  1080  
1.59444e-16  3  760  
1.14439e-16  3  693  
1.59444e-16  3  727  
2.23773e-16  3  644  
1.14439e-16  3  745  
1.38778e-16  3  696  
1.14439e-16  3  671  
2.77556e-17  3  703  
1.14439e-16  3  645  
2.77556e-17  3  715  
1.14439e-16  3  544  
2.77556e-17  3  608  
1.38778e-16  3  510  
3.52179e-16  3  594  
1.14439e-16  3  570  
8.32667e-17  3  722  
2.23773e-16  3  698  
1.14439e-16  3  647  
2.498e-16  3  521  
1.14439e-16  3  563  
6.20634e-17  3  505  
6.20634e-17  3  427  
2.28878e-16  3  503  
1.00074e-16  3  452  
5.55112e-17  3  513  
1.00074e-16  3  452  
1.57009e-16  3  438  
7.85046e-17  3  502  
2.77556e-17  3  436  
6.20634e-17  3  516  
2.77556e-17  3  451  
2.07704e-16  3  444  
6.20634e-17  3  496  
6.20634e-17  3  450  
6.20634e-17  3  483  
2.77556e-17  3  357  
1.14439e-16  3  350  
1.14439e-16  3  425  
1.24127e-16  3  351  
2.37144e-16  3  420  
2.37144e-16  3  483  
1.00074e-16  3  456  
2.77556e-17  3  1471  
2.30555e-16  3  1646  
6.20634e-17  3  1625  
1.14439e-16  3  1601  
2.37144e-16  3  1597  
6.20634e-17  3  1597  
1.14439e-16  3  1608  
1.14439e-16  3  1606  
6.20634e-17  3  1134  
2.77556e-17  3  866  
1.14439e-16  3  780  
2.77556e-17  3  820  
8.32667e-17  3  771  
1.8619e-16  3  781  
2.77556e-17  3  697  
5.55112e-17  3  662  
1.14439e-16  3  570  
1.66533e-16  3  626  
2.77556e-17  3  588  
1.14439e-16  3  574  
6.20634e-17  3  596  
6.20634e-17  3  561  
2.77556e-17  3  600  
1.59444e-16  3  760  
5.55112e-17  3  607  
2.77556e-17  3  445  
6.20634e-17  3  603  
1.27192e-16  3  482  
1.14439e-16  3  488  
2.77556e-17  3  518  
1.59444e-16  3  585  
1.38778e-16  3  498  
1.49468e-16  3  459  
8.32667e-17  3  555  
6.20634e-17  3  458  
1.77722e-16  3  444  
1.59444e-16  3  404  
1.38778e-16  3  393  
2.77556e-17  3  471  
2.02064e-16  3  414  
1.49468e-16  3  407  
1.27192e-16  3  408  
1.68831e-16  3  375  
1.27192e-16  3  1112  
1.14439e-16  3  460  
1.11022e-16  3  445  
6.20634e-17  3  4345  
1.59444e-16  3  1783  
2.23773e-16  3  1823  
2.77556e-17  3  1803  
2.77556e-16  3  1786  
1.14439e-16  3  992  
2.77556e-17  3  925  
5.55112e-17  3  887  
1.24127e-16  3  763  
1.24127e-16  3  924  
1.14439e-16  3  890  
5.55112e-17  3  914  
1.49468e-16  3  829  
1.14439e-16  3  677  
1.59444e-16  3  664  
3.18887e-16  3  763  
2.77556e-17  3  687  
5.55112e-17  3  591  
1.66533e-16  3  590  
1.11022e-16  3  707  
1.11022e-16  3  649  
1.49468e-16  3  651  
1.14439e-16  3  665  
1.11022e-16  3  1407  
1.24127e-16  3  1885  
0  3  1786  
2.23773e-16  3  1969  
5.55112e-17  3  1903  
1.38778e-16  3  1823  
5.55112e-17  3  1472  
2.28878e-16  3  1194  
2.77556e-17  3  1210  
5.55112e-17  3  1000  
1.57009e-16  3  1144  
1.75542e-16  3  971  
1.59444e-16  3  897  
1.49468e-16  3  809  
1.11022e-16  3  792  
1.14439e-16  3  873  
1.24127e-16  3  802  
1.11022e-16  3  769  
2.77556e-17  3  916  
2.498e-16  3  844  
1.38778e-16  3  815  
1.38778e-16  3  668  
1.57009e-16  3  747  
2.77556e-17  3  707  
2.28878e-16  3  712  
1.38778e-16  3  729  
8.32667e-17  3  642  
1.49468e-16  3  607  
7.85046e-17  3  603  
1.14439e-16  3  675  
2.77556e-17  3  660  
2.77556e-17  3  782  
1.49468e-16  3  648  
1.14439e-16  3  579  
2.77556e-17  3  369  
1.38778e-16  3  1752  
0  3  1752  
2.77556e-17  3  1663  
6.20634e-17  3  1740  
6.20634e-17  3  1664  
1.14439e-16  3  1786  
1.38778e-16  3  1470  
1.38778e-16  3  1216  
2.48253e-16  3  1256  
2.77556e-17  3  1048  
1.77722e-16  3  978  
1.00074e-16  3  871  
2.77556e-17  3  946  
2.30555e-16  3  869  
6.20634e-17  3  920  
1.14439e-16  3  961  
1.14439e-16  3  885  
1.77722e-16  3  915  
2.77556e-16  3  867  
1.38778e-16  3  705  
1.38778e-16  3  662  
1.00074e-16  3  1899  
2.02064e-16  3  1756  
2.43554e-16  3  1792  
1.49468e-16  3  1864  
1.77722e-16  3  1874  
2.16778e-16  3  1816  
1.92296e-16  3  1400  
2.77556e-17  3  1205  
2.37144e-16  3  1081  
8.32667e-17  3  935  
1.38778e-16  3  891  
1.14439e-16  3  674  
8.32667e-17  3  849  
2.77556e-17  3  836  
2.77556e-17  3  833  
1.49468e-16  3  858  
2.43554e-16  3  894  
5.55112e-17  3  833  
1.94289e-16  3  668  
2.77556e-17  3  724  
1.38778e-16  3  716  
1.59444e-16  3  1954  
1.38778e-16  3  1872  
6.20634e-17  3  1805  
8.32667e-17  3  1895  
1.59444e-16  3  1851  
8.32667e-17  3  1962  
1.38778e-16  3  1500  
0  3  1304  
2.02064e-16  3  980  
1.38778e-16  3  727  
1.27192e-16  3  981  
1.49468e-16  3  965  
1.14439e-16  3  959  
1.59444e-16  3  979  
6.20634e-17  3  876  
1.14439e-16  3  869  
1.38778e-16  3  850  
1.49468e-16  3  683  
1.00074e-16  3  740  
1.24127e-16  3  654  
0  3  433  
2.00148e-16  3  431  
1.66533e-16  3  461  
5.55112e-17  3  436  
1.24127e-16  3  434  
1.11022e-16  3  436  
5.55112e-17  3  441  
1.24127e-16  3  463  
1.66533e-16  3  450  
1.11022e-16  3  435  
1.11022e-16  3  471  
1.11022e-16  3  435  
0  3  436  
1.11022e-16  3  450  
1.24127e-16  3  362  
1.11022e-16  3  363  
1.57009e-16  3  374  
1.11022e-16  3  365  
1.24127e-16  3  371  
1.11022e-16  3  362  
1.57009e-16  3  372  
0  3  366  
2.22045e-16  3  367  
2.48253e-16  3  377  
1.92296e-16  3  221  
0  3  940  
1.57009e-16  3  1518  
1.11022e-16  3  2070  
5.55112e-17  3  2053  
2.71948e-16  3  2036  
1.57009e-16  3  1988  
1.11022e-16  3  1969  
5.55112e-17  3  1029  
1.11022e-16  3  1022  
1.11022e-16  3  1019  
1.24127e-16  3  1029  
1.11022e-16  3  1019  
1.66533e-16  3  1022  
1.11022e-16  3  1024  
1.35974e-16  3  1017  
1.92296e-16  3  816  
1.57009e-16  3  818  
1.11022e-16  3  824  
1.11022e-16  3  833  
1.11022e-16  3  824  
1.24127e-16  3  810  
5.55112e-17  3  821  
4.191e-16  3  803  
5.55112e-17  3  815  
5.55112e-17  3  815  
5.55112e-17  3  695  
1.993e-15  3  694  
4.04127e-16  3  695  
4.04127e-16  3  708  
1.29592e-15  3  698  
1.49873e-14  3  724  
3.19515e-15  3  752  
5.897e-15  3  748  
8.62318e-14  3  750  
1.01298e-13  3  759  
1.01694e-13  3  812  
6.36382e-13  3  1316  
2.1028e-11  3  2602  
1.84603e-11  3  2328  
7.85046e-17  4  1450  
2.30768e-05  21  1819  
0.00117029  21  8429  
0.00126854  21  6245  
0.00307895  21  5670  
0.00272139  21  4888  
0.00333819  21  4029  
0.114601  21  4385  
0.00649313  21  3462  
0.0118303  21  3279  
0.0211092  21  3485  
0.00869855  21  9073  
0.246369  21  9947  
0.0145418  21  6007  
0.0128551  21  5574  
0.727383  21  4607  
0.0204454  21  3355  
0.0166193  21  5032  
0.0139271  21  9671  
0.016031  21  6114  
0.0285151  21  4835  
0.0380148  21  4446  
0.0177051  21  2382  
0.0262078  21  4469  
0.0214534  21  8969  
0.0164528  21  6224  
0.0182371  21  9175  
0.0231965  21  7556  
0.0175042  21  8339  
0.0464717  21  4269  
0.0213382  21  4451  
0.062665  21  3464  
0.0595393  21  3290  
0.0203933  21  2805  
4.11763  21  2787  
0.151178  21  2562  
2.80351  21  2881  
0.0224863  21  2433  
0.616788  21  2322  
0.206181  21  2060  
0.0348038  21  2077  
0.0271505  21  2034  
0.0274457  21  3414  
0.0380704  21  9983  
1.33987  21  5716  
0.0480185  21  5290  
0.0259637  21  5067  
0.0254419  21  4274  
0.0288105  21  2797  
0.196767  21  3812  
0.731137  21  6367  
0.0252337  21  10595  
0.0237516  21  6266  
0.0436306  21  6873  
0.594844  21  10843  
0.0279976  21  6084  
3.67852  21  4759  
0.0258763  21  4811  
0.042516  21  3725  
0.0647375  21  2422  
4.33978  21  4004  
0.0682828  21  6496  
0.190635  21  8428  
0.037674  21  4685  
0.0271054  21  3876  
0.0217745  21  3406  
0.119721  21  3103  
0.103376  21  2920  
0.036951  21  2329  
0.028068  21  2300  
0.240851  21  1979  
0.0225271  21  3022  
0.185818  21  9999  
0.0680241  21  6587  
0.0213099  21  4182  
0.0192765  21  3322  
0.0195479  21  3844  
0.0229779  21  2859  
0.592933  21  2913  
0.390436  21  2489  
0.0377674  21  5847  
0.0226122  21  8443  
0.281636  21  6003  
0.018126  21  4129  
1.87228  21  3847  
0.0197863  21  3642  
0.0192073  21  2714  
0.0591661  21  2725  
0.0225808  21  2431  
0.0167781  21  5947  
0.0179572  21  8992  
0.440271  21  4881  
0.0475047  21  3690  
0.0362694  21  3278  
0.030224  21  3402  
0.198161  21  2680  
0.0811352  21  2347  
0.0185196  21  2339  
0.0150622  21  2030  
0.209581  21  6514  
0.95247  21  8222  
0.0208509  21  5369  
0.32363  21  3711  
0.0307956  21  3278  
0.0235024  21  3385  
0.0366494  21  2621  
0.0149249  21  2372  
0.065874  21  2255  
0.0130493  21  2014  
0.0399711  21  6276  
0.0163697  21  8504  
0.131785  21  5187  
0.0310315  21  3644  
0.447643  21  3274  
0.0139911  21  3368  
0.0115901  21  2579  
0.0239101  21  2327  
0.0112553  21  2253  
0.01153  21  2060  
0.0105933  21  6979  
0.0302369  21  7948  
0.0104022  21  4949  
0.441516  21  3849  
0.0184289  21  3334  
0.00989519  21  3190  
0.00957569  21  2651  
0.0165467  21  2391  
0.842769  21  2273  
0.28431  21  2118  
0.0141362  21  2120  
0.075638  21  2518  
0.0157085  21  7682  
0.00770887  21  8170  
0.0138103  21  4411  
0.00990051  21  4224  
0.00776918  21  3111  
0.0174508  21  2652  
0.00632915  21  2537  
0.00638313  21  2308  
0.021501  21  2528  
0.0068544  21  2042  
0.026772  21  2004  
0.00918167  21  2335  
0.242424  21  1856  
0.0387868  21  1861  
0.00585195  21  6839  
0.00553377  21  7776  
0.00582751  21  4611  
0.308494  21  3185  
0.0209769  21  2861  
0.00371536  21  5883  
0.0121719  21  8160  
0.00284363  21  6536  
0.003935  21  3670  
0.00238998  21  3227  
0.00296679  21  3263  
0.03408  21  2632  
0.00317524  21  2389  
0.00479689  21  2231  
0.00138855  21  2016  
0.000988334  21  5589  
0.000935297  21  8035  
0.00107979  21  5439  
0.00024704  21  3913  
7.39955e-07  5  3226  
1.77339e-11  9  739  
8.80026e-13  3  2506  
2.89349e-14  4  1234  
5.52493e-11  3  1515  
4.07212e-14  3  1209  
5.01604e-12  3  1123  
1.18072e-12  3  1155  
3.84737e-13  3  1107  
1.55171e-13  3  1170  
7.30771e-14  3  1150  
1.65082e-12  3  1255  
2.48477e-14  3  843  
3.27505e-13  3  567  
1.51598e-14  3  615  
1.0917e-13  3  615  
5.95812e-14  3  529  
3.30243e-14  3  527  
3.02728e-14  3  512  
2.33986e-14  3  555  
1.0786e-14  3  482  
6.55459e-14  3  411  
3.8036e-14  3  439  
2.5095e-14  3  432  
1.00664e-13  3  412  
7.40884e-14  3  407  
5.42745e-14  3  444  
1.20729e-13  3  413  
8.7175e-14  3  427  
1.69689e-13  3  441  
3.06548e-13  3  474  
1.0915e-12  3  356  
2.69431e-12  3  360  
1.56881e-14  4  362  
3.27797e-14  4  579  
1.5176e-14  3  651  
1.99996e-14  3  368  
3.61033e-14  3  361  
3.20561e-14  3  354  
2.20021e-14  3  377  
3.25299e-14  3  362  
4.17664e-14  3  392  
2.24034e-14  3  333  
1.60217e-14  3  303  
4.583e-14  3  305  
3.26117e-14  3  303  
2.79852e-14  3  316  
1.62129e-14  3  318  
3.41004e-14  3  319  
2.74771e-15  3  337  
3.09578e-14  3  325  
4.53204e-15  3  313  
1.77064e-14  3  311  
3.08387e-14  3  337  
4.76939e-14  3  325  
4.05801e-14  3  348  
1.09022e-14  3  290  
1.3571e-14  3  267  
2.29968e-14  3  581  
1.0287e-14  3  1145  
1.78707e-14  3  1888  
2.95965e-14  3  1955  
4.80997e-14  3  1448  
2.08193e-14  3  1162  
1.00088e-14  3  1187  
4.51905e-14  3  1092  
4.13447e-14  3  1159  
3.25539e-14  3  818  
4.72367e-14  3  737  
4.7028e-14  3  548  
9.33014e-15  3  549  
1.50933e-14  3  540  
4.46545e-14  3  535  
5.65429e-15  3  555  
2.82693e-14  3  699  
2.56387e-14  3  685  
1.26902e-14  3  462  
4.19338e-14  3  438  
9.7538e-15  3  414  
5.40262e-15  3  456  
2.36693e-14  3  449  
2.67916e-14  3  419  
2.66164e-14  3  416  
1.3195e-14  3  419  
3.53821e-14  3  420  
4.73274e-14  3  437  
5.30012e-15  3  428  
3.55119e-14  3  355  
1.11603e-14  3  348  
4.07397e-14  3  365  
1.09297e-14  3  372  
3.22059e-14  3  347  
4.32084e-14  3  339  
3.11351e-14  3  339  
2.1689e-14  3  347  
4.36949e-14  3  346  
2.56547e-14  3  341  
1.00052e-14  3  351  
1.26804e-15  3  347  
2.06112e-14  3  375  
4.34269e-14  3  293  
4.10427e-14  3  314  
3.84429e-16  3  301  
4.2975e-14  3  341  
9.40936e-15  3  354  
4.69206e-14  3  342  
2.4379e-14  3  644  
1.51816e-15  3  1079  
1.94139e-14  3  1091  
6.23199e-15  3  1054  
4.24027e-14  3  1094  
3.82447e-15  3  1255  
9.63636e-15  3  1214  
4.62069e-14  3  1234  
2.87745e-14  3  1257  
3.19794e-14  3  1234  
3.28762e-14  3  749  
3.03485e-14  3  727  
2.01671e-14  3  568  
1.47991e-14  3  520  
4.09094e-14  3  519  
3.71836e-14  3  795  
4.38781e-14  3  603  
3.89557e-14  3  549  
1.07839e-14  3  564  
5.04428e-16  3  440  
1.95408e-14  3  515  
4.76747e-14  3  485  
4.04174e-14  3  554  
1.22563e-14  3  542  
8.20787e-15  3  553  
1.41574e-14  3  531  
2.24327e-14  3  458  
2.21153e-16  3  432  
3.58942e-14  3  412  
1.57846e-14  3  442  
1.4985e-14  3  433  
2.86841e-14  3  422  
2.13539e-14  3  444  
2.31151e-14  3  442  
3.81197e-14  3  388  
1.01494e-14  3  373  
3.3131e-14  3  391  
3.53994e-14  3  356  
4.69566e-14  3  349  
1.91944e-14  3  387  
4.38728e-14  3  385  
1.8147e-14  3  357  
3.81649e-14  3  386  
2.46085e-14  3  387  
4.15194e-14  3  367  
4.46709e-15  3  379  
3.15696e-14  3  369  
1.48169e-14  3  370  
3.90775e-14  3  379  
1.29048e-14  3  306  
4.40042e-14  3  282  
3.43643e-14  3  283  
4.33401e-14  3  294  
8.22234e-15  3  281  
1.58232e-15  3  281  
2.21397e-14  3  288  
2.38025e-14  3  283  
5.54456e-15  3  281  
7.29854e-15  3  282  
9.45333e-15  3  280  
3.47367e-14  3  281  
9.269e-15  3  280  
1.66626e-14  3  287  
4.63957e-14  3  287  
2.30663e-14  3  286  
2.06515e-15  3  271  
3.18204e-14  3  250  
2.30386e-14  3  255  
2.53542e-14  3  254  
1.17972e-14  3  868  
7.66847e-15  3  1441  
4.62621e-14  3  1326  
1.33238e-16  3  1189  
2.00886e-14  3  1124  
2.97814e-14  3  1191  
4.70897e-14  3  1167  
3.95481e-14  3  1140  
2.97567e-14  3  1166  
1.84969e-14  3  1147  
3.45949e-14  3  1088  
1.15585e-14  3  715  
4.572e-14  3  592  
2.98916e-15  3  663  
1.25793e-14  3  649  
2.67676e-14  3  600  
4.69186e-14  3  557  
2.55807e-14  3  582  
2.71579e-14  3  511  
3.49571e-14  3  455  
3.63741e-14  3  474  
4.51373e-14  3  519  
1.46014e-14  3  540  
5.80923e-15  3  451  
1.87447e-14  3  473  
3.73829e-14  3  465  
2.42227e-14  3  451  
4.57052e-14  3  433  
1.17567e-15  3  407  
2.64244e-14  3  410  
3.67584e-14  3  378  
4.78036e-14  3  388  
2.95823e-14  3  410  
1.76861e-14  3  388  
2.24546e-14  3  403  
4.38893e-14  3  466  
3.98665e-14  3  441  
4.74285e-14  3  447  
2.20621e-14  3  345  
1.66116e-14  3  1084  
8.87822e-15  3  1303  
3.19269e-14  3  1143  
2.04487e-14  3  1059  
4.6748e-14  3  1103  
4.23406e-14  3  1073  
3.14304e-14  3  1054  
2.88292e-14  3  1133  
2.73598e-14  3  1250  
2.69147e-14  3  1254  
5.67257e-15  3  869  
1.62569e-14  3  838  
3.97764e-14  3  654  
4.77244e-14  3  542  
4.52807e-15  3  530  
1.65592e-14  3  534  
2.56042e-14  3  584  
2.6941e-14  3  632  
2.73278e-14  3  603  
1.18328e-15  3  575  
4.28173e-14  3  446  
3.87978e-14  3  447  
6.49102e-15  3  447  
1.23015e-14  3  468  
4.18517e-14  3  450  
3.06388e-15  3  463  
4.13739e-14  3  461  
9.27633e-15  3  446  
3.87824e-14  3  447  
1.20559e-14  3  496  
4.03821e-14  3  411  
1.66501e-14  3  815  
4.5084e-14  3  1158  
2.24661e-14  3  1594  
1.75938e-14  3  1342  
4.57835e-14  3  1146  
2.05054e-15  3  1120  
1.01707e-14  3  1153  
3.34906e-14  3  1142  
3.01882e-14  3  1116  
1.83345e-14  3  1159  
4.11439e-14  3  1084  
3.92574e-14  3  900  
2.57514e-14  3  596  
3.44658e-14  3  799  
3.87048e-14  3  569  
4.30217e-14  3  574  
1.09124e-14  3  561  
4.8125e-14  3  621  
2.70851e-14  3  500  
4.54943e-14  3  447  
1.81357e-14  3  466  
4.19215e-14  3  450  
4.54543e-14  3  470  
1.97443e-14  3  448  
3.18733e-14  3  448  
2.07259e-14  3  461  
5.61431e-16  3  446  
3.26596e-14  3  462  
2.16696e-14  3  420  
5.26062e-15  3  382  
3.80014e-14  3  371  
3.01495e-14  3  372  
7.86535e-16  3  409  
3.92526e-15  3  597  
9.49951e-15  3  396  
1.20135e-14  3  502  
2.8192e-14  3  408  
1.91655e-14  3  373  
6.47524e-16  3  376  
1.90492e-14  3  385  
4.46942e-14  3  319  
4.39096e-14  3  320  
2.32057e-14  3  316  
4.24006e-15  3  325  
1.64227e-14  3  320  
4.39906e-14  3  318  
3.07994e-14  3  344  
5.46362e-15  3  343  
9.14242e-16  3  328  
2.65645e-14  3  319  
2.44438e-14  3  316  
3.56008e-14  3  332  
2.20913e-14  3  323  
4.56565e-15  3  303  
3.98997e-14  3  285  
3.45818e-14  3  282  
3.5815e-14  3  284  
3.55015e-14  3  278  
3.84243e-14  3  277  
2.30942e-14  3  291  
2.55464e-14  3  283  
2.2998e-14  3  287  
4.65704e-14  3  279  
3.68156e-14  3  1044  
2.27902e-14  3  1123  
2.44552e-14  3  1685  
3.07797e-14  3  1361  
2.5662e-14  3  1533  
4.54955e-14  3  1255  
1.80394e-14  3  1127  
2.04716e-14  3  1160  
3.50786e-14  3  1124  
1.75064e-14  3  1152  
2.88504e-14  3  854  
8.03295e-15  3  780  
1.04769e-14  3  1038  
3.71371e-14  3  805  
1.03204e-14  3  591  
4.20693e-14  3  641  
4.07826e-13  2  770  
4.03433e-13  2  434  
3.96478e-13  2  380  
3.93016e-13  2  375  
3.87851e-13  2  428  
3.84597e-13  2  387  
3.80118e-13  2  301  
3.75284e-13  2  310  
3.73104e-13  2  320  
3.68997e-13  2  316  
3.62686e-13  2  302  
3.58828e-13  2  302  
3.56449e-13  2  301  
3.51117e-13  2  310  
3.474e-13  2  300  
3.44016e-13  2  316  
3.42005e-13  2  302  
3.35909e-13  2  302  
3.33165e-13  2  307  
3.30378e-13  2  320  
3.25301e-13  2  268  
3.22711e-13  2  255  
3.19727e-13  2  223  
3.17219e-13  2  257  
3.12458e-13  2  317  
3.07869e-13  2  384  
3.04446e-13  2  402  
3.0246e-13  2  273  
2.99127e-13  2  199  
2.97503e-13  2  677  
2.95218e-13  2  818  
2.90979e-13  2  780  
2.87141e-13  2  757  
2.85887e-13  2  778  
2.8246e-13  2  838  
2.80233e-13  2  773  
2.74759e-13  2  760  
2.71363e-13  2  759  
2.69002e-13  2  759  
2.6641e-13  2  774  
2.65308e-13  2  759  
2.63167e-13  2  771  
2.57413e-13  2  900  
2.55325e-13  2  1116  
2.54599e-13  2  532  
2.52832e-13  2  519  
2.4804e-13  2  553  
2.44412e-13  2  576  
2.45287e-13  2  522  
2.40247e-13  2  420  
2.41547e-13  2  389  
2.36557e-13  2  392  
2.36562e-13  2  387  
2.30108e-13  2  382  
2.29251e-13  2  373  
2.28335e-13  2  388  
2.22929e-13  2  372  
2.20675e-13  2  382  
2.18489e-13  2  384  
2.18929e-13  2  374  
2.1406e-13  2  350  
2.13291e-13  2  300  
2.11643e-13  2  307  
2.07614e-13  2  302  
2.11051e-13  2  297  
2.05219e-13  2  298  
2.02235e-13  2  297  
1.99994e-13  2  298  
1.98066e-13  2  313  
1.97913e-13  2  304  
1.9478e-13  2  362  
1.92623e-13  2  366  
1.94166e-13  2  302  
1.88316e-13  2  373  
1.87558e-13  2  325  
1.87069e-13  2  255  
1.85962e-13  2  695  
1.81611e-13  2  792  
1.79205e-13  2  747  
1.81151e-13  2  785  
1.80529e-13  2  749  
1.79457e-13  2  753  
1.77737e-13  2  1074  
1.72198e-13  2  760  
1.75285e-13  2  817  
1.70062e-13  2  765  
1.71957e-13  2  792  
1.67043e-13  2  752  
1.63859e-13  2  840  
1.63686e-13  2  954  
1.64482e-13  2  817  
1.61661e-13  2  472  
1.6311e-13  2  369  
1.61592e-13  2  371  
1.60164e-13  2  400  
1.57944e-13  2  393  
1.55195e-13  2  401  
1.50537e-13  2  435  
1.51455e-13  2  395  
1.49517e-13  2  375  
1.47269e-13  2  412  
1.50435e-13  2  374  
1.41714e-13  2  374  
1.46763e-13  2  296  
1.4451e-13  2  295  
1.43178e-13  2  301  
1.38705e-13  2  358  
1.35343e-13  2  304  
1.36319e-13  2  314  
1.3857e-13  2  294  
1.35099e-13  2  297  
1.3159e-13  2  295  
1.32497e-13  2  299  
1.31834e-13  2  298  
1.31221e-13  2  299  
1.25203e-13  2  309  
1.29003e-13  2  334  
1.24864e-13  2  258  
1.22987e-13  2  345  
1.28597e-13  2  313  
1.19584e-13  2  258  
1.23446e-13  2  247  
1.18773e-13  2  251  
1.22224e-13  2  248  
1.15471e-13  2  266  
1.20906e-13  2  249  
1.18784e-13  2  248  
1.15147e-13  2  248  
1.15602e-13  2  247  
1.10906e-13  2  247  
1.11237e-13  2  245  
1.09862e-13  2  247  
1.08311e-13  2  251  
1.16049e-13  2  261  
1.07932e-13  2  220  
1.04604e-13  2  210  
1.03077e-13  2  217  
1.01851e-13  2  218  
1.05442e-13  2  210  
1.07217e-13  2  216  
1.07391e-13  2  218  
1.0869e-13  2  212  
9.72291e-14  2  212  
9.67869e-14  2  213  
1.02453e-13  2  215  
9.66707e-14  2  212  
9.42624e-14  2  210  
9.4915e-14  2  219  
1.02706e-13  2  214  
9.24411e-14  2  224  
9.23652e-14  2  213  
9.10245e-14  2  214  
8.88605e-14  2  216  
9.43126e-14  2  215  
8.87939e-14  2  186  
9.4561e-14  2  203  
8.54544e-14  2  192  
8.85141e-14  2  186  
8.51604e-14  2  185  
9.26573e-14  2  186  
9.3223e-14  2  186  
9.08789e-14  2  186  
8.08318e-14  2  186  
8.02041e-14  2  184  
8.29094e-14  2  187  
8.54877e-14  2  187  
7.9895e-14  2  472  
8.47585e-14  2  980  
7.98959e-14  2  1178  
8.86262e-14  2  1037  
8.19531e-14  2  787  
7.61057e-14  2  746  
7.37108e-14  2  787  
7.42324e-14  2  747  
8.58764e-14  2  778  
7.18859e-14  2  739  
7.39365e-14  2  735  
7.16109e-14  2  739  
7.03987e-14  2  739  
8.36781e-14  2  776  
6.90531e-14  2  603  
6.96812e-14  2  501  
8.02015e-14  2  497  
7.38174e-14  2  520  
7.64996e-14  2  530  
6.78609e-14  2  551  
6.62135e-14  2  536  
6.54122e-14  2  406  
6.62378e-14  2  391  
6.3008e-14  2  378  
7.63953e-14  2  391  
7.10041e-14  2  392  
7.14457e-14  2  391  
6.15583e-14  2  392  
6.00698e-14  2  390  
7.63468e-14  2  381  
6.05264e-14  2  427  
6.71299e-14  2  384  
6.04496e-14  2  301  
5.75666e-14  2  295  
6.68521e-14  2  295  
5.77783e-14  2  296  
7.21355e-14  2  295  
7.00651e-14  2  313  
5.60866e-14  2  297  
6.69691e-14  2  295  
5.56548e-14  2  295  
5.93661e-14  2  307  
5.66217e-14  2  296  
5.24571e-14  2  294  
6.32663e-14  2  300  
5.48593e-14  2  300  
5.09575e-14  2  283  
5.23502e-14  2  251  
5.01244e-14  2  253  
5.07968e-14  2  266  
5.34586e-14  2  253  
4.8678e-14  2  252  
5.62467e-14  2  250  
5.23843e-14  2  252  
5.46057e-14  2  264  
6.63859e-14  2  261  
5.03418e-14  2  248  
